$ Generated by COMSOL 6.0.0.318
$ Aug 25 2023, 15:12
BEGIN BULK
$ Grid data section
GRID,1,,0.00000,-0.000500000,0.00000
GRID,2,,0.00000,-0.000400000,0.00000
GRID,3,,0.000300000,-0.000500000,0.00000
GRID,4,,0.00000,-0.000300000,0.00000
GRID,5,,0.000300000,-0.000400000,0.00000
GRID,6,,0.000600000,-0.000500000,0.00000
GRID,7,,0.00000,-0.000200000,0.00000
GRID,8,,0.000300000,-0.000300000,0.00000
GRID,9,,0.000600000,-0.000400000,0.00000
GRID,10,,0.000900000,-0.000500000,0.00000
GRID,11,,0.00000,-0.000100000,0.00000
GRID,12,,0.000300000,-0.000200000,0.00000
GRID,13,,0.000600000,-0.000300000,0.00000
GRID,14,,0.000900000,-0.000400000,0.00000
GRID,15,,0.00120000,-0.000500000,0.00000
GRID,16,,0.00000,2.16840E-19,0.00000
GRID,17,,0.000300000,-0.000100000,0.00000
GRID,18,,0.000600000,-0.000200000,0.00000
GRID,19,,0.000900000,-0.000300000,0.00000
GRID,20,,0.00120000,-0.000400000,0.00000
GRID,21,,0.00150000,-0.000500000,0.00000
GRID,22,,0.00000,0.000100000,0.00000
GRID,23,,0.000300000,2.12504E-19,0.00000
GRID,24,,0.000600000,-0.000100000,0.00000
GRID,25,,0.000900000,-0.000200000,0.00000
GRID,26,,0.00120000,-0.000300000,0.00000
GRID,27,,0.00150000,-0.000400000,0.00000
GRID,28,,0.00180000,-0.000500000,0.00000
GRID,29,,0.00000,0.000200000,0.00000
GRID,30,,0.000300000,0.000100000,0.00000
GRID,31,,0.000600000,1.04083E-19,0.00000
GRID,32,,0.000900000,-0.000100000,0.00000
GRID,33,,0.00120000,-0.000200000,0.00000
GRID,34,,0.00150000,-0.000300000,0.00000
GRID,35,,0.00180000,-0.000400000,0.00000
GRID,36,,0.00210000,-0.000500000,0.00000
GRID,37,,0.00000,0.000300000,0.00000
GRID,38,,0.000300000,0.000200000,0.00000
GRID,39,,0.000600000,0.000100000,0.00000
GRID,40,,0.000900000,2.03830E-19,0.00000
GRID,41,,0.00120000,-0.000100000,0.00000
GRID,42,,0.00150000,-0.000200000,0.00000
GRID,43,,0.00180000,-0.000300000,0.00000
GRID,44,,0.00210000,-0.000400000,0.00000
GRID,45,,0.00240000,-0.000500000,0.00000
GRID,46,,0.00000,0.000400000,0.00000
GRID,47,,0.000300000,0.000300000,0.00000
GRID,48,,0.000600000,0.000200000,0.00000
GRID,49,,0.000900000,0.000100000,0.00000
GRID,50,,0.00120000,1.73472E-19,0.00000
GRID,51,,0.00150000,-0.000100000,0.00000
GRID,52,,0.00180000,-0.000200000,0.00000
GRID,53,,0.00210000,-0.000300000,0.00000
GRID,54,,0.00240000,-0.000400000,0.00000
GRID,55,,0.00270000,-0.000500000,0.00000
GRID,56,,0.00000,0.000500000,0.00000
GRID,57,,0.000300000,0.000400000,0.00000
GRID,58,,0.000600000,0.000300000,0.00000
GRID,59,,0.000900000,0.000200000,0.00000
GRID,60,,0.00120000,0.000100000,0.00000
GRID,61,,0.00150000,1.69136E-19,0.00000
GRID,62,,0.00180000,-0.000100000,0.00000
GRID,63,,0.00210000,-0.000200000,0.00000
GRID,64,,0.00240000,-0.000300000,0.00000
GRID,65,,0.00270000,-0.000400000,0.00000
GRID,66,,0.00300000,-0.000500000,0.00000
GRID,67,,0.000300000,0.000500000,0.00000
GRID,68,,0.000600000,0.000400000,0.00000
GRID,69,,0.000900000,0.000300000,0.00000
GRID,70,,0.00120000,0.000200000,0.00000
GRID,71,,0.00150000,0.000100000,0.00000
GRID,72,,0.00180000,1.12757E-19,0.00000
GRID,73,,0.00210000,-0.000100000,0.00000
GRID,74,,0.00240000,-0.000200000,0.00000
GRID,75,,0.00270000,-0.000300000,0.00000
GRID,76,,0.00300000,-0.000400000,0.00000
GRID,77,,0.00330000,-0.000500000,0.00000
GRID,78,,0.000600000,0.000500000,0.00000
GRID,79,,0.000900000,0.000400000,0.00000
GRID,80,,0.00120000,0.000300000,0.00000
GRID,81,,0.00150000,0.000200000,0.00000
GRID,82,,0.00180000,0.000100000,0.00000
GRID,83,,0.00210000,1.08420E-19,0.00000
GRID,84,,0.00240000,-0.000100000,0.00000
GRID,85,,0.00270000,-0.000200000,0.00000
GRID,86,,0.00300000,-0.000300000,0.00000
GRID,87,,0.00330000,-0.000400000,0.00000
GRID,88,,0.00360000,-0.000500000,0.00000
GRID,89,,0.000900000,0.000500000,0.00000
GRID,90,,0.00120000,0.000400000,0.00000
GRID,91,,0.00150000,0.000300000,0.00000
GRID,92,,0.00180000,0.000200000,0.00000
GRID,93,,0.00210000,0.000100000,0.00000
GRID,94,,0.00240000,1.30104E-19,0.00000
GRID,95,,0.00270000,-0.000100000,0.00000
GRID,96,,0.00300000,-0.000200000,0.00000
GRID,97,,0.00330000,-0.000300000,0.00000
GRID,98,,0.00360000,-0.000400000,0.00000
GRID,99,,0.00390000,-0.000500000,0.00000
GRID,100,,0.00120000,0.000500000,0.00000
GRID,101,,0.00150000,0.000400000,0.00000
GRID,102,,0.00180000,0.000300000,0.00000
GRID,103,,0.00210000,0.000200000,0.00000
GRID,104,,0.00240000,0.000100000,0.00000
GRID,105,,0.00270000,1.25767E-19,0.00000
GRID,106,,0.00300000,-0.000100000,0.00000
GRID,107,,0.00330000,-0.000200000,0.00000
GRID,108,,0.00360000,-0.000300000,0.00000
GRID,109,,0.00390000,-0.000400000,0.00000
GRID,110,,0.00420000,-0.000500000,0.00000
GRID,111,,0.00150000,0.000500000,0.00000
GRID,112,,0.00180000,0.000400000,0.00000
GRID,113,,0.00210000,0.000300000,0.00000
GRID,114,,0.00240000,0.000200000,0.00000
GRID,115,,0.00270000,0.000100000,0.00000
GRID,116,,0.00300000,9.54098E-20,0.00000
GRID,117,,0.00330000,-0.000100000,0.00000
GRID,118,,0.00360000,-0.000200000,0.00000
GRID,119,,0.00390000,-0.000300000,0.00000
GRID,120,,0.00420000,-0.000400000,0.00000
GRID,121,,0.00450000,-0.000500000,0.00000
GRID,122,,0.00180000,0.000500000,0.00000
GRID,123,,0.00210000,0.000400000,0.00000
GRID,124,,0.00240000,0.000300000,0.00000
GRID,125,,0.00270000,0.000200000,0.00000
GRID,126,,0.00300000,0.000100000,0.00000
GRID,127,,0.00330000,6.50521E-20,0.00000
GRID,128,,0.00360000,-0.000100000,0.00000
GRID,129,,0.00390000,-0.000200000,0.00000
GRID,130,,0.00420000,-0.000300000,0.00000
GRID,131,,0.00450000,-0.000400000,0.00000
GRID,132,,0.00480000,-0.000500000,0.00000
GRID,133,,0.00210000,0.000500000,0.00000
GRID,134,,0.00240000,0.000400000,0.00000
GRID,135,,0.00270000,0.000300000,0.00000
GRID,136,,0.00300000,0.000200000,0.00000
GRID,137,,0.00330000,0.000100000,0.00000
GRID,138,,0.00360000,1.12757E-19,0.00000
GRID,139,,0.00390000,-0.000100000,0.00000
GRID,140,,0.00420000,-0.000200000,0.00000
GRID,141,,0.00450000,-0.000300000,0.00000
GRID,142,,0.00480000,-0.000400000,0.00000
GRID,143,,0.00510000,-0.000500000,0.00000
GRID,144,,0.00240000,0.000500000,0.00000
GRID,145,,0.00270000,0.000400000,0.00000
GRID,146,,0.00300000,0.000300000,0.00000
GRID,147,,0.00330000,0.000200000,0.00000
GRID,148,,0.00360000,0.000100000,0.00000
GRID,149,,0.00390000,1.08420E-19,0.00000
GRID,150,,0.00420000,-0.000100000,0.00000
GRID,151,,0.00450000,-0.000200000,0.00000
GRID,152,,0.00480000,-0.000300000,0.00000
GRID,153,,0.00510000,-0.000400000,0.00000
GRID,154,,0.00540000,-0.000500000,0.00000
GRID,155,,0.00270000,0.000500000,0.00000
GRID,156,,0.00300000,0.000400000,0.00000
GRID,157,,0.00330000,0.000300000,0.00000
GRID,158,,0.00360000,0.000200000,0.00000
GRID,159,,0.00390000,0.000100000,0.00000
GRID,160,,0.00420000,1.56125E-19,0.00000
GRID,161,,0.00450000,-0.000100000,0.00000
GRID,162,,0.00480000,-0.000200000,0.00000
GRID,163,,0.00510000,-0.000300000,0.00000
GRID,164,,0.00540000,-0.000400000,0.00000
GRID,165,,0.00570000,-0.000500000,0.00000
GRID,166,,0.00300000,0.000500000,0.00000
GRID,167,,0.00330000,0.000400000,0.00000
GRID,168,,0.00360000,0.000300000,0.00000
GRID,169,,0.00390000,0.000200000,0.00000
GRID,170,,0.00420000,0.000100000,0.00000
GRID,171,,0.00450000,9.97466E-20,0.00000
GRID,172,,0.00480000,-0.000100000,0.00000
GRID,173,,0.00510000,-0.000200000,0.00000
GRID,174,,0.00540000,-0.000300000,0.00000
GRID,175,,0.00570000,-0.000400000,0.00000
GRID,176,,0.00600000,-0.000500000,0.00000
GRID,177,,0.00330000,0.000500000,0.00000
GRID,178,,0.00360000,0.000400000,0.00000
GRID,179,,0.00390000,0.000300000,0.00000
GRID,180,,0.00420000,0.000200000,0.00000
GRID,181,,0.00450000,0.000100000,0.00000
GRID,182,,0.00480000,1.21431E-19,0.00000
GRID,183,,0.00510000,-0.000100000,0.00000
GRID,184,,0.00540000,-0.000200000,0.00000
GRID,185,,0.00570000,-0.000300000,0.00000
GRID,186,,0.00600000,-0.000400000,0.00000
GRID,187,,0.00630000,-0.000500000,0.00000
GRID,188,,0.00360000,0.000500000,0.00000
GRID,189,,0.00390000,0.000400000,0.00000
GRID,190,,0.00420000,0.000300000,0.00000
GRID,191,,0.00450000,0.000200000,0.00000
GRID,192,,0.00480000,0.000100000,0.00000
GRID,193,,0.00510000,9.10730E-20,0.00000
GRID,194,,0.00540000,-0.000100000,0.00000
GRID,195,,0.00570000,-0.000200000,0.00000
GRID,196,,0.00600000,-0.000300000,0.00000
GRID,197,,0.00630000,-0.000400000,0.00000
GRID,198,,0.00660000,-0.000500000,0.00000
GRID,199,,0.00390000,0.000500000,0.00000
GRID,200,,0.00420000,0.000400000,0.00000
GRID,201,,0.00450000,0.000300000,0.00000
GRID,202,,0.00480000,0.000200000,0.00000
GRID,203,,0.00510000,0.000100000,0.00000
GRID,204,,0.00540000,3.46945E-20,0.00000
GRID,205,,0.00570000,-0.000100000,0.00000
GRID,206,,0.00600000,-0.000200000,0.00000
GRID,207,,0.00630000,-0.000300000,0.00000
GRID,208,,0.00660000,-0.000400000,0.00000
GRID,209,,0.00690000,-0.000500000,0.00000
GRID,210,,0.00420000,0.000500000,0.00000
GRID,211,,0.00450000,0.000400000,0.00000
GRID,212,,0.00480000,0.000300000,0.00000
GRID,213,,0.00510000,0.000200000,0.00000
GRID,214,,0.00540000,0.000100000,0.00000
GRID,215,,0.00570000,3.03577E-20,0.00000
GRID,216,,0.00600000,-0.000100000,0.00000
GRID,217,,0.00630000,-0.000200000,0.00000
GRID,218,,0.00660000,-0.000300000,0.00000
GRID,219,,0.00690000,-0.000400000,0.00000
GRID,220,,0.00720000,-0.000500000,0.00000
GRID,221,,0.00450000,0.000500000,0.00000
GRID,222,,0.00480000,0.000400000,0.00000
GRID,223,,0.00510000,0.000300000,0.00000
GRID,224,,0.00540000,0.000200000,0.00000
GRID,225,,0.00570000,0.000100000,0.00000
GRID,226,,0.00600000,2.60209E-20,0.00000
GRID,227,,0.00630000,-0.000100000,0.00000
GRID,228,,0.00660000,-0.000200000,0.00000
GRID,229,,0.00690000,-0.000300000,0.00000
GRID,230,,0.00720000,-0.000400000,0.00000
GRID,231,,0.00750000,-0.000500000,0.00000
GRID,232,,0.00480000,0.000500000,0.00000
GRID,233,,0.00510000,0.000400000,0.00000
GRID,234,,0.00540000,0.000300000,0.00000
GRID,235,,0.00570000,0.000200000,0.00000
GRID,236,,0.00600000,0.000100000,0.00000
GRID,237,,0.00630000,4.77049E-20,0.00000
GRID,238,,0.00660000,-0.000100000,0.00000
GRID,239,,0.00690000,-0.000200000,0.00000
GRID,240,,0.00720000,-0.000300000,0.00000
GRID,241,,0.00750000,-0.000400000,0.00000
GRID,242,,0.00780000,-0.000500000,0.00000
GRID,243,,0.00510000,0.000500000,0.00000
GRID,244,,0.00540000,0.000400000,0.00000
GRID,245,,0.00570000,0.000300000,0.00000
GRID,246,,0.00600000,0.000200000,0.00000
GRID,247,,0.00630000,0.000100000,0.00000
GRID,248,,0.00660000,1.73472E-20,0.00000
GRID,249,,0.00690000,-0.000100000,0.00000
GRID,250,,0.00720000,-0.000200000,0.00000
GRID,251,,0.00750000,-0.000300000,0.00000
GRID,252,,0.00780000,-0.000400000,0.00000
GRID,253,,0.00810000,-0.000500000,0.00000
GRID,254,,0.00540000,0.000500000,0.00000
GRID,255,,0.00570000,0.000400000,0.00000
GRID,256,,0.00600000,0.000300000,0.00000
GRID,257,,0.00630000,0.000200000,0.00000
GRID,258,,0.00660000,0.000100000,0.00000
GRID,259,,0.00690000,3.90313E-20,0.00000
GRID,260,,0.00720000,-0.000100000,0.00000
GRID,261,,0.00750000,-0.000200000,0.00000
GRID,262,,0.00780000,-0.000300000,0.00000
GRID,263,,0.00810000,-0.000400000,0.00000
GRID,264,,0.00840000,-0.000500000,0.00000
GRID,265,,0.00570000,0.000500000,0.00000
GRID,266,,0.00600000,0.000400000,0.00000
GRID,267,,0.00630000,0.000300000,0.00000
GRID,268,,0.00660000,0.000200000,0.00000
GRID,269,,0.00690000,0.000100000,0.00000
GRID,270,,0.00720000,8.67362E-21,0.00000
GRID,271,,0.00750000,-0.000100000,0.00000
GRID,272,,0.00780000,-0.000200000,0.00000
GRID,273,,0.00810000,-0.000300000,0.00000
GRID,274,,0.00840000,-0.000400000,0.00000
GRID,275,,0.00870000,-0.000500000,0.00000
GRID,276,,0.00600000,0.000500000,0.00000
GRID,277,,0.00630000,0.000400000,0.00000
GRID,278,,0.00660000,0.000300000,0.00000
GRID,279,,0.00690000,0.000200000,0.00000
GRID,280,,0.00720000,0.000100000,0.00000
GRID,281,,0.00750000,4.33681E-21,0.00000
GRID,282,,0.00780000,-0.000100000,0.00000
GRID,283,,0.00810000,-0.000200000,0.00000
GRID,284,,0.00840000,-0.000300000,0.00000
GRID,285,,0.00870000,-0.000400000,0.00000
GRID,286,,0.00900000,-0.000500000,0.00000
GRID,287,,0.00630000,0.000500000,0.00000
GRID,288,,0.00660000,0.000400000,0.00000
GRID,289,,0.00690000,0.000300000,0.00000
GRID,290,,0.00720000,0.000200000,0.00000
GRID,291,,0.00750000,0.000100000,0.00000
GRID,292,,0.00780000,-2.42667E-34,0.00000
GRID,293,,0.00810000,-0.000100000,0.00000
GRID,294,,0.00840000,-0.000200000,0.00000
GRID,295,,0.00870000,-0.000300000,0.00000
GRID,296,,0.00900000,-0.000400000,0.00000
GRID,297,,0.00930000,-0.000500000,0.00000
GRID,298,,0.00660000,0.000500000,0.00000
GRID,299,,0.00690000,0.000400000,0.00000
GRID,300,,0.00720000,0.000300000,0.00000
GRID,301,,0.00750000,0.000200000,0.00000
GRID,302,,0.00780000,0.000100000,0.00000
GRID,303,,0.00810000,8.67362E-21,0.00000
GRID,304,,0.00840000,-0.000100000,0.00000
GRID,305,,0.00870000,-0.000200000,0.00000
GRID,306,,0.00900000,-0.000300000,0.00000
GRID,307,,0.00930000,-0.000400000,0.00000
GRID,308,,0.00960000,-0.000500000,0.00000
GRID,309,,0.00690000,0.000500000,0.00000
GRID,310,,0.00720000,0.000400000,0.00000
GRID,311,,0.00750000,0.000300000,0.00000
GRID,312,,0.00780000,0.000200000,0.00000
GRID,313,,0.00810000,0.000100000,0.00000
GRID,314,,0.00840000,-2.16840E-20,0.00000
GRID,315,,0.00870000,-0.000100000,0.00000
GRID,316,,0.00900000,-0.000200000,0.00000
GRID,317,,0.00930000,-0.000300000,0.00000
GRID,318,,0.00960000,-0.000400000,0.00000
GRID,319,,0.00990000,-0.000500000,0.00000
GRID,320,,0.00720000,0.000500000,0.00000
GRID,321,,0.00750000,0.000400000,0.00000
GRID,322,,0.00780000,0.000300000,0.00000
GRID,323,,0.00810000,0.000200000,0.00000
GRID,324,,0.00840000,0.000100000,0.00000
GRID,325,,0.00870000,-2.60209E-20,0.00000
GRID,326,,0.00900000,-0.000100000,0.00000
GRID,327,,0.00930000,-0.000200000,0.00000
GRID,328,,0.00960000,-0.000300000,0.00000
GRID,329,,0.00990000,-0.000400000,0.00000
GRID,330,,0.0102000,-0.000500000,0.00000
GRID,331,,0.00750000,0.000500000,0.00000
GRID,332,,0.00780000,0.000400000,0.00000
GRID,333,,0.00810000,0.000300000,0.00000
GRID,334,,0.00840000,0.000200000,0.00000
GRID,335,,0.00870000,0.000100000,0.00000
GRID,336,,0.00900000,-8.23994E-20,0.00000
GRID,337,,0.00930000,-0.000100000,0.00000
GRID,338,,0.00960000,-0.000200000,0.00000
GRID,339,,0.00990000,-0.000300000,0.00000
GRID,340,,0.0102000,-0.000400000,0.00000
GRID,341,,0.0105000,-0.000500000,0.00000
GRID,342,,0.00780000,0.000500000,0.00000
GRID,343,,0.00810000,0.000400000,0.00000
GRID,344,,0.00840000,0.000300000,0.00000
GRID,345,,0.00870000,0.000200000,0.00000
GRID,346,,0.00900000,0.000100000,0.00000
GRID,347,,0.00930000,-7.37257E-20,0.00000
GRID,348,,0.00960000,-0.000100000,0.00000
GRID,349,,0.00990000,-0.000200000,0.00000
GRID,350,,0.0102000,-0.000300000,0.00000
GRID,351,,0.0105000,-0.000400000,0.00000
GRID,352,,0.0108000,-0.000500000,0.00000
GRID,353,,0.00810000,0.000500000,0.00000
GRID,354,,0.00840000,0.000400000,0.00000
GRID,355,,0.00870000,0.000300000,0.00000
GRID,356,,0.00900000,0.000200000,0.00000
GRID,357,,0.00930000,0.000100000,0.00000
GRID,358,,0.00960000,-9.10730E-20,0.00000
GRID,359,,0.00990000,-0.000100000,0.00000
GRID,360,,0.0102000,-0.000200000,0.00000
GRID,361,,0.0105000,-0.000300000,0.00000
GRID,362,,0.0108000,-0.000400000,0.00000
GRID,363,,0.0111000,-0.000500000,0.00000
GRID,364,,0.00840000,0.000500000,0.00000
GRID,365,,0.00870000,0.000400000,0.00000
GRID,366,,0.00900000,0.000300000,0.00000
GRID,367,,0.00930000,0.000200000,0.00000
GRID,368,,0.00960000,0.000100000,0.00000
GRID,369,,0.00990000,-9.54098E-20,0.00000
GRID,370,,0.0102000,-0.000100000,0.00000
GRID,371,,0.0105000,-0.000200000,0.00000
GRID,372,,0.0108000,-0.000300000,0.00000
GRID,373,,0.0111000,-0.000400000,0.00000
GRID,374,,0.0114000,-0.000500000,0.00000
GRID,375,,0.00870000,0.000500000,0.00000
GRID,376,,0.00900000,0.000400000,0.00000
GRID,377,,0.00930000,0.000300000,0.00000
GRID,378,,0.00960000,0.000200000,0.00000
GRID,379,,0.00990000,0.000100000,0.00000
GRID,380,,0.0102000,-8.67362E-20,0.00000
GRID,381,,0.0105000,-0.000100000,0.00000
GRID,382,,0.0108000,-0.000200000,0.00000
GRID,383,,0.0111000,-0.000300000,0.00000
GRID,384,,0.0114000,-0.000400000,0.00000
GRID,385,,0.0117000,-0.000500000,0.00000
GRID,386,,0.00900000,0.000500000,0.00000
GRID,387,,0.00930000,0.000400000,0.00000
GRID,388,,0.00960000,0.000300000,0.00000
GRID,389,,0.00990000,0.000200000,0.00000
GRID,390,,0.0102000,0.000100000,0.00000
GRID,391,,0.0105000,-1.17094E-19,0.00000
GRID,392,,0.0108000,-0.000100000,0.00000
GRID,393,,0.0111000,-0.000200000,0.00000
GRID,394,,0.0114000,-0.000300000,0.00000
GRID,395,,0.0117000,-0.000400000,0.00000
GRID,396,,0.0120000,-0.000500000,0.00000
GRID,397,,0.00930000,0.000500000,0.00000
GRID,398,,0.00960000,0.000400000,0.00000
GRID,399,,0.00990000,0.000300000,0.00000
GRID,400,,0.0102000,0.000200000,0.00000
GRID,401,,0.0105000,0.000100000,0.00000
GRID,402,,0.0108000,-1.08420E-19,0.00000
GRID,403,,0.0111000,-0.000100000,0.00000
GRID,404,,0.0114000,-0.000200000,0.00000
GRID,405,,0.0117000,-0.000300000,0.00000
GRID,406,,0.0120000,-0.000400000,0.00000
GRID,407,,0.0123000,-0.000500000,0.00000
GRID,408,,0.00960000,0.000500000,0.00000
GRID,409,,0.00990000,0.000400000,0.00000
GRID,410,,0.0102000,0.000300000,0.00000
GRID,411,,0.0105000,0.000200000,0.00000
GRID,412,,0.0108000,0.000100000,0.00000
GRID,413,,0.0111000,-9.97466E-20,0.00000
GRID,414,,0.0114000,-0.000100000,0.00000
GRID,415,,0.0117000,-0.000200000,0.00000
GRID,416,,0.0120000,-0.000300000,0.00000
GRID,417,,0.0123000,-0.000400000,0.00000
GRID,418,,0.0126000,-0.000500000,0.00000
GRID,419,,0.00990000,0.000500000,0.00000
GRID,420,,0.0102000,0.000400000,0.00000
GRID,421,,0.0105000,0.000300000,0.00000
GRID,422,,0.0108000,0.000200000,0.00000
GRID,423,,0.0111000,0.000100000,0.00000
GRID,424,,0.0114000,-7.80626E-20,0.00000
GRID,425,,0.0117000,-0.000100000,0.00000
GRID,426,,0.0120000,-0.000200000,0.00000
GRID,427,,0.0123000,-0.000300000,0.00000
GRID,428,,0.0126000,-0.000400000,0.00000
GRID,429,,0.0129000,-0.000500000,0.00000
GRID,430,,0.0102000,0.000500000,0.00000
GRID,431,,0.0105000,0.000400000,0.00000
GRID,432,,0.0108000,0.000300000,0.00000
GRID,433,,0.0111000,0.000200000,0.00000
GRID,434,,0.0114000,0.000100000,0.00000
GRID,435,,0.0117000,-9.54098E-20,0.00000
GRID,436,,0.0120000,-0.000100000,0.00000
GRID,437,,0.0123000,-0.000200000,0.00000
GRID,438,,0.0126000,-0.000300000,0.00000
GRID,439,,0.0129000,-0.000400000,0.00000
GRID,440,,0.0132000,-0.000500000,0.00000
GRID,441,,0.0105000,0.000500000,0.00000
GRID,442,,0.0108000,0.000400000,0.00000
GRID,443,,0.0111000,0.000300000,0.00000
GRID,444,,0.0114000,0.000200000,0.00000
GRID,445,,0.0117000,0.000100000,0.00000
GRID,446,,0.0120000,-9.32414E-20,0.00000
GRID,447,,0.0123000,-0.000100000,0.00000
GRID,448,,0.0126000,-0.000200000,0.00000
GRID,449,,0.0129000,-0.000300000,0.00000
GRID,450,,0.0132000,-0.000400000,0.00000
GRID,451,,0.0135000,-0.000500000,0.00000
GRID,452,,0.0108000,0.000500000,0.00000
GRID,453,,0.0111000,0.000400000,0.00000
GRID,454,,0.0114000,0.000300000,0.00000
GRID,455,,0.0117000,0.000200000,0.00000
GRID,456,,0.0120000,0.000100000,0.00000
GRID,457,,0.0123000,-1.43115E-19,0.00000
GRID,458,,0.0126000,-0.000100000,0.00000
GRID,459,,0.0129000,-0.000200000,0.00000
GRID,460,,0.0132000,-0.000300000,0.00000
GRID,461,,0.0135000,-0.000400000,0.00000
GRID,462,,0.0138000,-0.000500000,0.00000
GRID,463,,0.0111000,0.000500000,0.00000
GRID,464,,0.0114000,0.000400000,0.00000
GRID,465,,0.0117000,0.000300000,0.00000
GRID,466,,0.0120000,0.000200000,0.00000
GRID,467,,0.0123000,0.000100000,0.00000
GRID,468,,0.0126000,-1.92988E-19,0.00000
GRID,469,,0.0129000,-0.000100000,0.00000
GRID,470,,0.0132000,-0.000200000,0.00000
GRID,471,,0.0135000,-0.000300000,0.00000
GRID,472,,0.0138000,-0.000400000,0.00000
GRID,473,,0.0141000,-0.000500000,0.00000
GRID,474,,0.0114000,0.000500000,0.00000
GRID,475,,0.0117000,0.000400000,0.00000
GRID,476,,0.0120000,0.000300000,0.00000
GRID,477,,0.0123000,0.000200000,0.00000
GRID,478,,0.0126000,0.000100000,0.00000
GRID,479,,0.0129000,-1.90820E-19,0.00000
GRID,480,,0.0132000,-0.000100000,0.00000
GRID,481,,0.0135000,-0.000200000,0.00000
GRID,482,,0.0138000,-0.000300000,0.00000
GRID,483,,0.0141000,-0.000400000,0.00000
GRID,484,,0.0144000,-0.000500000,0.00000
GRID,485,,0.0117000,0.000500000,0.00000
GRID,486,,0.0120000,0.000400000,0.00000
GRID,487,,0.0123000,0.000300000,0.00000
GRID,488,,0.0126000,0.000200000,0.00000
GRID,489,,0.0129000,0.000100000,0.00000
GRID,490,,0.0132000,-1.36609E-19,0.00000
GRID,491,,0.0135000,-0.000100000,0.00000
GRID,492,,0.0138000,-0.000200000,0.00000
GRID,493,,0.0141000,-0.000300000,0.00000
GRID,494,,0.0144000,-0.000400000,0.00000
GRID,495,,0.0147000,-0.000500000,0.00000
GRID,496,,0.0120000,0.000500000,0.00000
GRID,497,,0.0123000,0.000400000,0.00000
GRID,498,,0.0126000,0.000300000,0.00000
GRID,499,,0.0129000,0.000200000,0.00000
GRID,500,,0.0132000,0.000100000,0.00000
GRID,501,,0.0135000,-1.86483E-19,0.00000
GRID,502,,0.0138000,-0.000100000,0.00000
GRID,503,,0.0141000,-0.000200000,0.00000
GRID,504,,0.0144000,-0.000300000,0.00000
GRID,505,,0.0147000,-0.000400000,0.00000
GRID,506,,0.0150000,-0.000500000,0.00000
GRID,507,,0.0123000,0.000500000,0.00000
GRID,508,,0.0126000,0.000400000,0.00000
GRID,509,,0.0129000,0.000300000,0.00000
GRID,510,,0.0132000,0.000200000,0.00000
GRID,511,,0.0135000,0.000100000,0.00000
GRID,512,,0.0138000,-2.10335E-19,0.00000
GRID,513,,0.0141000,-0.000100000,0.00000
GRID,514,,0.0144000,-0.000200000,0.00000
GRID,515,,0.0147000,-0.000300000,0.00000
GRID,516,,0.0150000,-0.000400000,0.00000
GRID,517,,0.0126000,0.000500000,0.00000
GRID,518,,0.0129000,0.000400000,0.00000
GRID,519,,0.0132000,0.000300000,0.00000
GRID,520,,0.0135000,0.000200000,0.00000
GRID,521,,0.0138000,0.000100000,0.00000
GRID,522,,0.0141000,-1.82146E-19,0.00000
GRID,523,,0.0144000,-0.000100000,0.00000
GRID,524,,0.0147000,-0.000200000,0.00000
GRID,525,,0.0150000,-0.000300000,0.00000
GRID,526,,0.0129000,0.000500000,0.00000
GRID,527,,0.0132000,0.000400000,0.00000
GRID,528,,0.0135000,0.000300000,0.00000
GRID,529,,0.0138000,0.000200000,0.00000
GRID,530,,0.0141000,0.000100000,0.00000
GRID,531,,0.0144000,-2.04372E-19,0.00000
GRID,532,,0.0147000,-0.000100000,0.00000
GRID,533,,0.0150000,-0.000200000,0.00000
GRID,534,,0.0132000,0.000500000,0.00000
GRID,535,,0.0135000,0.000400000,0.00000
GRID,536,,0.0138000,0.000300000,0.00000
GRID,537,,0.0141000,0.000200000,0.00000
GRID,538,,0.0144000,0.000100000,0.00000
GRID,539,,0.0147000,-1.24954E-19,0.00000
GRID,540,,0.0150000,-0.000100000,0.00000
GRID,541,,0.0135000,0.000500000,0.00000
GRID,542,,0.0138000,0.000400000,0.00000
GRID,543,,0.0141000,0.000300000,0.00000
GRID,544,,0.0144000,0.000200000,0.00000
GRID,545,,0.0147000,0.000100000,0.00000
GRID,546,,0.0150000,-2.16840E-19,0.00000
GRID,547,,0.0138000,0.000500000,0.00000
GRID,548,,0.0141000,0.000400000,0.00000
GRID,549,,0.0144000,0.000300000,0.00000
GRID,550,,0.0147000,0.000200000,0.00000
GRID,551,,0.0150000,0.000100000,0.00000
GRID,552,,0.0141000,0.000500000,0.00000
GRID,553,,0.0144000,0.000400000,0.00000
GRID,554,,0.0147000,0.000300000,0.00000
GRID,555,,0.0150000,0.000200000,0.00000
GRID,556,,0.0144000,0.000500000,0.00000
GRID,557,,0.0147000,0.000400000,0.00000
GRID,558,,0.0150000,0.000300000,0.00000
GRID,559,,0.0147000,0.000500000,0.00000
GRID,560,,0.0150000,0.000400000,0.00000
GRID,561,,0.0150000,0.000500000,0.00000
GRID,562,,0.00000,-0.000450000,0.00000
GRID,563,,0.00000,-0.000350000,0.00000
GRID,564,,0.00000,-0.000250000,0.00000
GRID,565,,0.00000,-0.000150000,0.00000
GRID,566,,0.00000,-5.00000E-05,0.00000
GRID,567,,0.00000,5.00000E-05,0.00000
GRID,568,,0.00000,0.000150000,0.00000
GRID,569,,0.00000,0.000250000,0.00000
GRID,570,,0.00000,0.000350000,0.00000
GRID,571,,0.00000,0.000450000,0.00000
GRID,572,,0.000150000,-0.000500000,0.00000
GRID,573,,0.000450000,-0.000500000,0.00000
GRID,574,,0.000750000,-0.000500000,0.00000
GRID,575,,0.00105000,-0.000500000,0.00000
GRID,576,,0.00135000,-0.000500000,0.00000
GRID,577,,0.00165000,-0.000500000,0.00000
GRID,578,,0.00195000,-0.000500000,0.00000
GRID,579,,0.00225000,-0.000500000,0.00000
GRID,580,,0.00255000,-0.000500000,0.00000
GRID,581,,0.00285000,-0.000500000,0.00000
GRID,582,,0.00315000,-0.000500000,0.00000
GRID,583,,0.00345000,-0.000500000,0.00000
GRID,584,,0.00375000,-0.000500000,0.00000
GRID,585,,0.00405000,-0.000500000,0.00000
GRID,586,,0.00435000,-0.000500000,0.00000
GRID,587,,0.00465000,-0.000500000,0.00000
GRID,588,,0.00495000,-0.000500000,0.00000
GRID,589,,0.00525000,-0.000500000,0.00000
GRID,590,,0.00555000,-0.000500000,0.00000
GRID,591,,0.00585000,-0.000500000,0.00000
GRID,592,,0.00615000,-0.000500000,0.00000
GRID,593,,0.00645000,-0.000500000,0.00000
GRID,594,,0.00675000,-0.000500000,0.00000
GRID,595,,0.00705000,-0.000500000,0.00000
GRID,596,,0.00735000,-0.000500000,0.00000
GRID,597,,0.00765000,-0.000500000,0.00000
GRID,598,,0.00795000,-0.000500000,0.00000
GRID,599,,0.00825000,-0.000500000,0.00000
GRID,600,,0.00855000,-0.000500000,0.00000
GRID,601,,0.00885000,-0.000500000,0.00000
GRID,602,,0.00915000,-0.000500000,0.00000
GRID,603,,0.00945000,-0.000500000,0.00000
GRID,604,,0.00975000,-0.000500000,0.00000
GRID,605,,0.0100500,-0.000500000,0.00000
GRID,606,,0.0103500,-0.000500000,0.00000
GRID,607,,0.0106500,-0.000500000,0.00000
GRID,608,,0.0109500,-0.000500000,0.00000
GRID,609,,0.0112500,-0.000500000,0.00000
GRID,610,,0.0115500,-0.000500000,0.00000
GRID,611,,0.0118500,-0.000500000,0.00000
GRID,612,,0.0121500,-0.000500000,0.00000
GRID,613,,0.0124500,-0.000500000,0.00000
GRID,614,,0.0127500,-0.000500000,0.00000
GRID,615,,0.0130500,-0.000500000,0.00000
GRID,616,,0.0133500,-0.000500000,0.00000
GRID,617,,0.0136500,-0.000500000,0.00000
GRID,618,,0.0139500,-0.000500000,0.00000
GRID,619,,0.0142500,-0.000500000,0.00000
GRID,620,,0.0145500,-0.000500000,0.00000
GRID,621,,0.0148500,-0.000500000,0.00000
GRID,622,,0.000150000,0.000500000,0.00000
GRID,623,,0.000450000,0.000500000,0.00000
GRID,624,,0.000750000,0.000500000,0.00000
GRID,625,,0.00105000,0.000500000,0.00000
GRID,626,,0.00135000,0.000500000,0.00000
GRID,627,,0.00165000,0.000500000,0.00000
GRID,628,,0.00195000,0.000500000,0.00000
GRID,629,,0.00225000,0.000500000,0.00000
GRID,630,,0.00255000,0.000500000,0.00000
GRID,631,,0.00285000,0.000500000,0.00000
GRID,632,,0.00315000,0.000500000,0.00000
GRID,633,,0.00345000,0.000500000,0.00000
GRID,634,,0.00375000,0.000500000,0.00000
GRID,635,,0.00405000,0.000500000,0.00000
GRID,636,,0.00435000,0.000500000,0.00000
GRID,637,,0.00465000,0.000500000,0.00000
GRID,638,,0.00495000,0.000500000,0.00000
GRID,639,,0.00525000,0.000500000,0.00000
GRID,640,,0.00555000,0.000500000,0.00000
GRID,641,,0.00585000,0.000500000,0.00000
GRID,642,,0.00615000,0.000500000,0.00000
GRID,643,,0.00645000,0.000500000,0.00000
GRID,644,,0.00675000,0.000500000,0.00000
GRID,645,,0.00705000,0.000500000,0.00000
GRID,646,,0.00735000,0.000500000,0.00000
GRID,647,,0.00765000,0.000500000,0.00000
GRID,648,,0.00795000,0.000500000,0.00000
GRID,649,,0.00825000,0.000500000,0.00000
GRID,650,,0.00855000,0.000500000,0.00000
GRID,651,,0.00885000,0.000500000,0.00000
GRID,652,,0.00915000,0.000500000,0.00000
GRID,653,,0.00945000,0.000500000,0.00000
GRID,654,,0.00975000,0.000500000,0.00000
GRID,655,,0.0100500,0.000500000,0.00000
GRID,656,,0.0103500,0.000500000,0.00000
GRID,657,,0.0106500,0.000500000,0.00000
GRID,658,,0.0109500,0.000500000,0.00000
GRID,659,,0.0112500,0.000500000,0.00000
GRID,660,,0.0115500,0.000500000,0.00000
GRID,661,,0.0118500,0.000500000,0.00000
GRID,662,,0.0121500,0.000500000,0.00000
GRID,663,,0.0124500,0.000500000,0.00000
GRID,664,,0.0127500,0.000500000,0.00000
GRID,665,,0.0130500,0.000500000,0.00000
GRID,666,,0.0133500,0.000500000,0.00000
GRID,667,,0.0136500,0.000500000,0.00000
GRID,668,,0.0139500,0.000500000,0.00000
GRID,669,,0.0142500,0.000500000,0.00000
GRID,670,,0.0145500,0.000500000,0.00000
GRID,671,,0.0148500,0.000500000,0.00000
GRID,672,,0.0150000,-0.000450000,0.00000
GRID,673,,0.0150000,-0.000350000,0.00000
GRID,674,,0.0150000,-0.000250000,0.00000
GRID,675,,0.0150000,-0.000150000,0.00000
GRID,676,,0.0150000,-5.00000E-05,0.00000
GRID,677,,0.0150000,5.00000E-05,0.00000
GRID,678,,0.0150000,0.000150000,0.00000
GRID,679,,0.0150000,0.000250000,0.00000
GRID,680,,0.0150000,0.000350000,0.00000
GRID,681,,0.0150000,0.000450000,0.00000
GRID,682,,0.000300000,-0.000450000,0.00000
GRID,683,,0.000150000,-0.000400000,0.00000
GRID,684,,0.000300000,-0.000350000,0.00000
GRID,685,,0.000150000,-0.000300000,0.00000
GRID,686,,0.000600000,-0.000450000,0.00000
GRID,687,,0.000450000,-0.000400000,0.00000
GRID,688,,0.000300000,-0.000250000,0.00000
GRID,689,,0.000150000,-0.000200000,0.00000
GRID,690,,0.000600000,-0.000350000,0.00000
GRID,691,,0.000450000,-0.000300000,0.00000
GRID,692,,0.000900000,-0.000450000,0.00000
GRID,693,,0.000750000,-0.000400000,0.00000
GRID,694,,0.000300000,-0.000150000,0.00000
GRID,695,,0.000150000,-0.000100000,0.00000
GRID,696,,0.000600000,-0.000250000,0.00000
GRID,697,,0.000450000,-0.000200000,0.00000
GRID,698,,0.000900000,-0.000350000,0.00000
GRID,699,,0.000750000,-0.000300000,0.00000
GRID,700,,0.00120000,-0.000450000,0.00000
GRID,701,,0.00105000,-0.000400000,0.00000
GRID,702,,0.000300000,-5.00000E-05,0.00000
GRID,703,,0.000150000,2.14672E-19,0.00000
GRID,704,,0.000600000,-0.000150000,0.00000
GRID,705,,0.000450000,-0.000100000,0.00000
GRID,706,,0.000900000,-0.000250000,0.00000
GRID,707,,0.000750000,-0.000200000,0.00000
GRID,708,,0.00120000,-0.000350000,0.00000
GRID,709,,0.00105000,-0.000300000,0.00000
GRID,710,,0.00150000,-0.000450000,0.00000
GRID,711,,0.00135000,-0.000400000,0.00000
GRID,712,,0.000300000,5.00000E-05,0.00000
GRID,713,,0.000150000,0.000100000,0.00000
GRID,714,,0.000600000,-5.00000E-05,0.00000
GRID,715,,0.000450000,1.58294E-19,0.00000
GRID,716,,0.000900000,-0.000150000,0.00000
GRID,717,,0.000750000,-0.000100000,0.00000
GRID,718,,0.00120000,-0.000250000,0.00000
GRID,719,,0.00105000,-0.000200000,0.00000
GRID,720,,0.00150000,-0.000350000,0.00000
GRID,721,,0.00135000,-0.000300000,0.00000
GRID,722,,0.00180000,-0.000450000,0.00000
GRID,723,,0.00165000,-0.000400000,0.00000
GRID,724,,0.000300000,0.000150000,0.00000
GRID,725,,0.000150000,0.000200000,0.00000
GRID,726,,0.000600000,5.00000E-05,0.00000
GRID,727,,0.000450000,0.000100000,0.00000
GRID,728,,0.000900000,-5.00000E-05,0.00000
GRID,729,,0.000750000,1.53957E-19,0.00000
GRID,730,,0.00120000,-0.000150000,0.00000
GRID,731,,0.00105000,-0.000100000,0.00000
GRID,732,,0.00150000,-0.000250000,0.00000
GRID,733,,0.00135000,-0.000200000,0.00000
GRID,734,,0.00180000,-0.000350000,0.00000
GRID,735,,0.00165000,-0.000300000,0.00000
GRID,736,,0.00210000,-0.000450000,0.00000
GRID,737,,0.00195000,-0.000400000,0.00000
GRID,738,,0.000300000,0.000250000,0.00000
GRID,739,,0.000150000,0.000300000,0.00000
GRID,740,,0.000600000,0.000150000,0.00000
GRID,741,,0.000450000,0.000200000,0.00000
GRID,742,,0.000900000,5.00000E-05,0.00000
GRID,743,,0.000750000,0.000100000,0.00000
GRID,744,,0.00120000,-5.00000E-05,0.00000
GRID,745,,0.00105000,1.88651E-19,0.00000
GRID,746,,0.00150000,-0.000150000,0.00000
GRID,747,,0.00135000,-0.000100000,0.00000
GRID,748,,0.00180000,-0.000250000,0.00000
GRID,749,,0.00165000,-0.000200000,0.00000
GRID,750,,0.00210000,-0.000350000,0.00000
GRID,751,,0.00195000,-0.000300000,0.00000
GRID,752,,0.00240000,-0.000450000,0.00000
GRID,753,,0.00225000,-0.000400000,0.00000
GRID,754,,0.000300000,0.000350000,0.00000
GRID,755,,0.000150000,0.000400000,0.00000
GRID,756,,0.000600000,0.000250000,0.00000
GRID,757,,0.000450000,0.000300000,0.00000
GRID,758,,0.000900000,0.000150000,0.00000
GRID,759,,0.000750000,0.000200000,0.00000
GRID,760,,0.00120000,5.00000E-05,0.00000
GRID,761,,0.00105000,0.000100000,0.00000
GRID,762,,0.00150000,-5.00000E-05,0.00000
GRID,763,,0.00135000,1.71304E-19,0.00000
GRID,764,,0.00180000,-0.000150000,0.00000
GRID,765,,0.00165000,-0.000100000,0.00000
GRID,766,,0.00210000,-0.000250000,0.00000
GRID,767,,0.00195000,-0.000200000,0.00000
GRID,768,,0.00240000,-0.000350000,0.00000
GRID,769,,0.00225000,-0.000300000,0.00000
GRID,770,,0.00270000,-0.000450000,0.00000
GRID,771,,0.00255000,-0.000400000,0.00000
GRID,772,,0.000300000,0.000450000,0.00000
GRID,773,,0.000600000,0.000350000,0.00000
GRID,774,,0.000450000,0.000400000,0.00000
GRID,775,,0.000900000,0.000250000,0.00000
GRID,776,,0.000750000,0.000300000,0.00000
GRID,777,,0.00120000,0.000150000,0.00000
GRID,778,,0.00105000,0.000200000,0.00000
GRID,779,,0.00150000,5.00000E-05,0.00000
GRID,780,,0.00135000,0.000100000,0.00000
GRID,781,,0.00180000,-5.00000E-05,0.00000
GRID,782,,0.00165000,1.40946E-19,0.00000
GRID,783,,0.00210000,-0.000150000,0.00000
GRID,784,,0.00195000,-0.000100000,0.00000
GRID,785,,0.00240000,-0.000250000,0.00000
GRID,786,,0.00225000,-0.000200000,0.00000
GRID,787,,0.00270000,-0.000350000,0.00000
GRID,788,,0.00255000,-0.000300000,0.00000
GRID,789,,0.00300000,-0.000450000,0.00000
GRID,790,,0.00285000,-0.000400000,0.00000
GRID,791,,0.000600000,0.000450000,0.00000
GRID,792,,0.000900000,0.000350000,0.00000
GRID,793,,0.000750000,0.000400000,0.00000
GRID,794,,0.00120000,0.000250000,0.00000
GRID,795,,0.00105000,0.000300000,0.00000
GRID,796,,0.00150000,0.000150000,0.00000
GRID,797,,0.00135000,0.000200000,0.00000
GRID,798,,0.00180000,5.00000E-05,0.00000
GRID,799,,0.00165000,0.000100000,0.00000
GRID,800,,0.00210000,-5.00000E-05,0.00000
GRID,801,,0.00195000,1.10589E-19,0.00000
GRID,802,,0.00240000,-0.000150000,0.00000
GRID,803,,0.00225000,-0.000100000,0.00000
GRID,804,,0.00270000,-0.000250000,0.00000
GRID,805,,0.00255000,-0.000200000,0.00000
GRID,806,,0.00300000,-0.000350000,0.00000
GRID,807,,0.00285000,-0.000300000,0.00000
GRID,808,,0.00330000,-0.000450000,0.00000
GRID,809,,0.00315000,-0.000400000,0.00000
GRID,810,,0.000900000,0.000450000,0.00000
GRID,811,,0.00120000,0.000350000,0.00000
GRID,812,,0.00105000,0.000400000,0.00000
GRID,813,,0.00150000,0.000250000,0.00000
GRID,814,,0.00135000,0.000300000,0.00000
GRID,815,,0.00180000,0.000150000,0.00000
GRID,816,,0.00165000,0.000200000,0.00000
GRID,817,,0.00210000,5.00000E-05,0.00000
GRID,818,,0.00195000,0.000100000,0.00000
GRID,819,,0.00240000,-5.00000E-05,0.00000
GRID,820,,0.00225000,1.19262E-19,0.00000
GRID,821,,0.00270000,-0.000150000,0.00000
GRID,822,,0.00255000,-0.000100000,0.00000
GRID,823,,0.00300000,-0.000250000,0.00000
GRID,824,,0.00285000,-0.000200000,0.00000
GRID,825,,0.00330000,-0.000350000,0.00000
GRID,826,,0.00315000,-0.000300000,0.00000
GRID,827,,0.00360000,-0.000450000,0.00000
GRID,828,,0.00345000,-0.000400000,0.00000
GRID,829,,0.00120000,0.000450000,0.00000
GRID,830,,0.00150000,0.000350000,0.00000
GRID,831,,0.00135000,0.000400000,0.00000
GRID,832,,0.00180000,0.000250000,0.00000
GRID,833,,0.00165000,0.000300000,0.00000
GRID,834,,0.00210000,0.000150000,0.00000
GRID,835,,0.00195000,0.000200000,0.00000
GRID,836,,0.00240000,5.00000E-05,0.00000
GRID,837,,0.00225000,0.000100000,0.00000
GRID,838,,0.00270000,-5.00000E-05,0.00000
GRID,839,,0.00255000,1.27936E-19,0.00000
GRID,840,,0.00300000,-0.000150000,0.00000
GRID,841,,0.00285000,-0.000100000,0.00000
GRID,842,,0.00330000,-0.000250000,0.00000
GRID,843,,0.00315000,-0.000200000,0.00000
GRID,844,,0.00360000,-0.000350000,0.00000
GRID,845,,0.00345000,-0.000300000,0.00000
GRID,846,,0.00390000,-0.000450000,0.00000
GRID,847,,0.00375000,-0.000400000,0.00000
GRID,848,,0.00150000,0.000450000,0.00000
GRID,849,,0.00180000,0.000350000,0.00000
GRID,850,,0.00165000,0.000400000,0.00000
GRID,851,,0.00210000,0.000250000,0.00000
GRID,852,,0.00195000,0.000300000,0.00000
GRID,853,,0.00240000,0.000150000,0.00000
GRID,854,,0.00225000,0.000200000,0.00000
GRID,855,,0.00270000,5.00000E-05,0.00000
GRID,856,,0.00255000,0.000100000,0.00000
GRID,857,,0.00300000,-5.00000E-05,0.00000
GRID,858,,0.00285000,1.10589E-19,0.00000
GRID,859,,0.00330000,-0.000150000,0.00000
GRID,860,,0.00315000,-0.000100000,0.00000
GRID,861,,0.00360000,-0.000250000,0.00000
GRID,862,,0.00345000,-0.000200000,0.00000
GRID,863,,0.00390000,-0.000350000,0.00000
GRID,864,,0.00375000,-0.000300000,0.00000
GRID,865,,0.00420000,-0.000450000,0.00000
GRID,866,,0.00405000,-0.000400000,0.00000
GRID,867,,0.00180000,0.000450000,0.00000
GRID,868,,0.00210000,0.000350000,0.00000
GRID,869,,0.00195000,0.000400000,0.00000
GRID,870,,0.00240000,0.000250000,0.00000
GRID,871,,0.00225000,0.000300000,0.00000
GRID,872,,0.00270000,0.000150000,0.00000
GRID,873,,0.00255000,0.000200000,0.00000
GRID,874,,0.00300000,5.00000E-05,0.00000
GRID,875,,0.00285000,0.000100000,0.00000
GRID,876,,0.00330000,-5.00000E-05,0.00000
GRID,877,,0.00315000,8.02310E-20,0.00000
GRID,878,,0.00360000,-0.000150000,0.00000
GRID,879,,0.00345000,-0.000100000,0.00000
GRID,880,,0.00390000,-0.000250000,0.00000
GRID,881,,0.00375000,-0.000200000,0.00000
GRID,882,,0.00420000,-0.000350000,0.00000
GRID,883,,0.00405000,-0.000300000,0.00000
GRID,884,,0.00450000,-0.000450000,0.00000
GRID,885,,0.00435000,-0.000400000,0.00000
GRID,886,,0.00210000,0.000450000,0.00000
GRID,887,,0.00240000,0.000350000,0.00000
GRID,888,,0.00225000,0.000400000,0.00000
GRID,889,,0.00270000,0.000250000,0.00000
GRID,890,,0.00255000,0.000300000,0.00000
GRID,891,,0.00300000,0.000150000,0.00000
GRID,892,,0.00285000,0.000200000,0.00000
GRID,893,,0.00330000,5.00000E-05,0.00000
GRID,894,,0.00315000,0.000100000,0.00000
GRID,895,,0.00360000,-5.00000E-05,0.00000
GRID,896,,0.00345000,8.89046E-20,0.00000
GRID,897,,0.00390000,-0.000150000,0.00000
GRID,898,,0.00375000,-0.000100000,0.00000
GRID,899,,0.00420000,-0.000250000,0.00000
GRID,900,,0.00405000,-0.000200000,0.00000
GRID,901,,0.00450000,-0.000350000,0.00000
GRID,902,,0.00435000,-0.000300000,0.00000
GRID,903,,0.00480000,-0.000450000,0.00000
GRID,904,,0.00465000,-0.000400000,0.00000
GRID,905,,0.00240000,0.000450000,0.00000
GRID,906,,0.00270000,0.000350000,0.00000
GRID,907,,0.00255000,0.000400000,0.00000
GRID,908,,0.00300000,0.000250000,0.00000
GRID,909,,0.00285000,0.000300000,0.00000
GRID,910,,0.00330000,0.000150000,0.00000
GRID,911,,0.00315000,0.000200000,0.00000
GRID,912,,0.00360000,5.00000E-05,0.00000
GRID,913,,0.00345000,0.000100000,0.00000
GRID,914,,0.00390000,-5.00000E-05,0.00000
GRID,915,,0.00375000,1.10589E-19,0.00000
GRID,916,,0.00420000,-0.000150000,0.00000
GRID,917,,0.00405000,-0.000100000,0.00000
GRID,918,,0.00450000,-0.000250000,0.00000
GRID,919,,0.00435000,-0.000200000,0.00000
GRID,920,,0.00480000,-0.000350000,0.00000
GRID,921,,0.00465000,-0.000300000,0.00000
GRID,922,,0.00510000,-0.000450000,0.00000
GRID,923,,0.00495000,-0.000400000,0.00000
GRID,924,,0.00270000,0.000450000,0.00000
GRID,925,,0.00300000,0.000350000,0.00000
GRID,926,,0.00285000,0.000400000,0.00000
GRID,927,,0.00330000,0.000250000,0.00000
GRID,928,,0.00315000,0.000300000,0.00000
GRID,929,,0.00360000,0.000150000,0.00000
GRID,930,,0.00345000,0.000200000,0.00000
GRID,931,,0.00390000,5.00000E-05,0.00000
GRID,932,,0.00375000,0.000100000,0.00000
GRID,933,,0.00420000,-5.00000E-05,0.00000
GRID,934,,0.00405000,1.32273E-19,0.00000
GRID,935,,0.00450000,-0.000150000,0.00000
GRID,936,,0.00435000,-0.000100000,0.00000
GRID,937,,0.00480000,-0.000250000,0.00000
GRID,938,,0.00465000,-0.000200000,0.00000
GRID,939,,0.00510000,-0.000350000,0.00000
GRID,940,,0.00495000,-0.000300000,0.00000
GRID,941,,0.00540000,-0.000450000,0.00000
GRID,942,,0.00525000,-0.000400000,0.00000
GRID,943,,0.00300000,0.000450000,0.00000
GRID,944,,0.00330000,0.000350000,0.00000
GRID,945,,0.00315000,0.000400000,0.00000
GRID,946,,0.00360000,0.000250000,0.00000
GRID,947,,0.00345000,0.000300000,0.00000
GRID,948,,0.00390000,0.000150000,0.00000
GRID,949,,0.00375000,0.000200000,0.00000
GRID,950,,0.00420000,5.00000E-05,0.00000
GRID,951,,0.00405000,0.000100000,0.00000
GRID,952,,0.00450000,-5.00000E-05,0.00000
GRID,953,,0.00435000,1.27936E-19,0.00000
GRID,954,,0.00480000,-0.000150000,0.00000
GRID,955,,0.00465000,-0.000100000,0.00000
GRID,956,,0.00510000,-0.000250000,0.00000
GRID,957,,0.00495000,-0.000200000,0.00000
GRID,958,,0.00540000,-0.000350000,0.00000
GRID,959,,0.00525000,-0.000300000,0.00000
GRID,960,,0.00570000,-0.000450000,0.00000
GRID,961,,0.00555000,-0.000400000,0.00000
GRID,962,,0.00330000,0.000450000,0.00000
GRID,963,,0.00360000,0.000350000,0.00000
GRID,964,,0.00345000,0.000400000,0.00000
GRID,965,,0.00390000,0.000250000,0.00000
GRID,966,,0.00375000,0.000300000,0.00000
GRID,967,,0.00420000,0.000150000,0.00000
GRID,968,,0.00405000,0.000200000,0.00000
GRID,969,,0.00450000,5.00000E-05,0.00000
GRID,970,,0.00435000,0.000100000,0.00000
GRID,971,,0.00480000,-5.00000E-05,0.00000
GRID,972,,0.00465000,1.10589E-19,0.00000
GRID,973,,0.00510000,-0.000150000,0.00000
GRID,974,,0.00495000,-0.000100000,0.00000
GRID,975,,0.00540000,-0.000250000,0.00000
GRID,976,,0.00525000,-0.000200000,0.00000
GRID,977,,0.00570000,-0.000350000,0.00000
GRID,978,,0.00555000,-0.000300000,0.00000
GRID,979,,0.00600000,-0.000450000,0.00000
GRID,980,,0.00585000,-0.000400000,0.00000
GRID,981,,0.00360000,0.000450000,0.00000
GRID,982,,0.00390000,0.000350000,0.00000
GRID,983,,0.00375000,0.000400000,0.00000
GRID,984,,0.00420000,0.000250000,0.00000
GRID,985,,0.00405000,0.000300000,0.00000
GRID,986,,0.00450000,0.000150000,0.00000
GRID,987,,0.00435000,0.000200000,0.00000
GRID,988,,0.00480000,5.00000E-05,0.00000
GRID,989,,0.00465000,0.000100000,0.00000
GRID,990,,0.00510000,-5.00000E-05,0.00000
GRID,991,,0.00495000,1.06252E-19,0.00000
GRID,992,,0.00540000,-0.000150000,0.00000
GRID,993,,0.00525000,-0.000100000,0.00000
GRID,994,,0.00570000,-0.000250000,0.00000
GRID,995,,0.00555000,-0.000200000,0.00000
GRID,996,,0.00600000,-0.000350000,0.00000
GRID,997,,0.00585000,-0.000300000,0.00000
GRID,998,,0.00630000,-0.000450000,0.00000
GRID,999,,0.00615000,-0.000400000,0.00000
GRID,1000,,0.00390000,0.000450000,0.00000
GRID,1001,,0.00420000,0.000350000,0.00000
GRID,1002,,0.00405000,0.000400000,0.00000
GRID,1003,,0.00450000,0.000250000,0.00000
GRID,1004,,0.00435000,0.000300000,0.00000
GRID,1005,,0.00480000,0.000150000,0.00000
GRID,1006,,0.00465000,0.000200000,0.00000
GRID,1007,,0.00510000,5.00000E-05,0.00000
GRID,1008,,0.00495000,0.000100000,0.00000
GRID,1009,,0.00540000,-5.00000E-05,0.00000
GRID,1010,,0.00525000,6.28837E-20,0.00000
GRID,1011,,0.00570000,-0.000150000,0.00000
GRID,1012,,0.00555000,-0.000100000,0.00000
GRID,1013,,0.00600000,-0.000250000,0.00000
GRID,1014,,0.00585000,-0.000200000,0.00000
GRID,1015,,0.00630000,-0.000350000,0.00000
GRID,1016,,0.00615000,-0.000300000,0.00000
GRID,1017,,0.00660000,-0.000450000,0.00000
GRID,1018,,0.00645000,-0.000400000,0.00000
GRID,1019,,0.00420000,0.000450000,0.00000
GRID,1020,,0.00450000,0.000350000,0.00000
GRID,1021,,0.00435000,0.000400000,0.00000
GRID,1022,,0.00480000,0.000250000,0.00000
GRID,1023,,0.00465000,0.000300000,0.00000
GRID,1024,,0.00510000,0.000150000,0.00000
GRID,1025,,0.00495000,0.000200000,0.00000
GRID,1026,,0.00540000,5.00000E-05,0.00000
GRID,1027,,0.00525000,0.000100000,0.00000
GRID,1028,,0.00570000,-5.00000E-05,0.00000
GRID,1029,,0.00555000,3.25261E-20,0.00000
GRID,1030,,0.00600000,-0.000150000,0.00000
GRID,1031,,0.00585000,-0.000100000,0.00000
GRID,1032,,0.00630000,-0.000250000,0.00000
GRID,1033,,0.00615000,-0.000200000,0.00000
GRID,1034,,0.00660000,-0.000350000,0.00000
GRID,1035,,0.00645000,-0.000300000,0.00000
GRID,1036,,0.00690000,-0.000450000,0.00000
GRID,1037,,0.00675000,-0.000400000,0.00000
GRID,1038,,0.00450000,0.000450000,0.00000
GRID,1039,,0.00480000,0.000350000,0.00000
GRID,1040,,0.00465000,0.000400000,0.00000
GRID,1041,,0.00510000,0.000250000,0.00000
GRID,1042,,0.00495000,0.000300000,0.00000
GRID,1043,,0.00540000,0.000150000,0.00000
GRID,1044,,0.00525000,0.000200000,0.00000
GRID,1045,,0.00570000,5.00000E-05,0.00000
GRID,1046,,0.00555000,0.000100000,0.00000
GRID,1047,,0.00600000,-5.00000E-05,0.00000
GRID,1048,,0.00585000,2.81893E-20,0.00000
GRID,1049,,0.00630000,-0.000150000,0.00000
GRID,1050,,0.00615000,-0.000100000,0.00000
GRID,1051,,0.00660000,-0.000250000,0.00000
GRID,1052,,0.00645000,-0.000200000,0.00000
GRID,1053,,0.00690000,-0.000350000,0.00000
GRID,1054,,0.00675000,-0.000300000,0.00000
GRID,1055,,0.00720000,-0.000450000,0.00000
GRID,1056,,0.00705000,-0.000400000,0.00000
GRID,1057,,0.00480000,0.000450000,0.00000
GRID,1058,,0.00510000,0.000350000,0.00000
GRID,1059,,0.00495000,0.000400000,0.00000
GRID,1060,,0.00540000,0.000250000,0.00000
GRID,1061,,0.00525000,0.000300000,0.00000
GRID,1062,,0.00570000,0.000150000,0.00000
GRID,1063,,0.00555000,0.000200000,0.00000
GRID,1064,,0.00600000,5.00000E-05,0.00000
GRID,1065,,0.00585000,0.000100000,0.00000
GRID,1066,,0.00630000,-5.00000E-05,0.00000
GRID,1067,,0.00615000,3.68629E-20,0.00000
GRID,1068,,0.00660000,-0.000150000,0.00000
GRID,1069,,0.00645000,-0.000100000,0.00000
GRID,1070,,0.00690000,-0.000250000,0.00000
GRID,1071,,0.00675000,-0.000200000,0.00000
GRID,1072,,0.00720000,-0.000350000,0.00000
GRID,1073,,0.00705000,-0.000300000,0.00000
GRID,1074,,0.00750000,-0.000450000,0.00000
GRID,1075,,0.00735000,-0.000400000,0.00000
GRID,1076,,0.00510000,0.000450000,0.00000
GRID,1077,,0.00540000,0.000350000,0.00000
GRID,1078,,0.00525000,0.000400000,0.00000
GRID,1079,,0.00570000,0.000250000,0.00000
GRID,1080,,0.00555000,0.000300000,0.00000
GRID,1081,,0.00600000,0.000150000,0.00000
GRID,1082,,0.00585000,0.000200000,0.00000
GRID,1083,,0.00630000,5.00000E-05,0.00000
GRID,1084,,0.00615000,0.000100000,0.00000
GRID,1085,,0.00660000,-5.00000E-05,0.00000
GRID,1086,,0.00645000,3.25261E-20,0.00000
GRID,1087,,0.00690000,-0.000150000,0.00000
GRID,1088,,0.00675000,-0.000100000,0.00000
GRID,1089,,0.00720000,-0.000250000,0.00000
GRID,1090,,0.00705000,-0.000200000,0.00000
GRID,1091,,0.00750000,-0.000350000,0.00000
GRID,1092,,0.00735000,-0.000300000,0.00000
GRID,1093,,0.00780000,-0.000450000,0.00000
GRID,1094,,0.00765000,-0.000400000,0.00000
GRID,1095,,0.00540000,0.000450000,0.00000
GRID,1096,,0.00570000,0.000350000,0.00000
GRID,1097,,0.00555000,0.000400000,0.00000
GRID,1098,,0.00600000,0.000250000,0.00000
GRID,1099,,0.00585000,0.000300000,0.00000
GRID,1100,,0.00630000,0.000150000,0.00000
GRID,1101,,0.00615000,0.000200000,0.00000
GRID,1102,,0.00660000,5.00000E-05,0.00000
GRID,1103,,0.00645000,0.000100000,0.00000
GRID,1104,,0.00690000,-5.00000E-05,0.00000
GRID,1105,,0.00675000,2.81893E-20,0.00000
GRID,1106,,0.00720000,-0.000150000,0.00000
GRID,1107,,0.00705000,-0.000100000,0.00000
GRID,1108,,0.00750000,-0.000250000,0.00000
GRID,1109,,0.00735000,-0.000200000,0.00000
GRID,1110,,0.00780000,-0.000350000,0.00000
GRID,1111,,0.00765000,-0.000300000,0.00000
GRID,1112,,0.00810000,-0.000450000,0.00000
GRID,1113,,0.00795000,-0.000400000,0.00000
GRID,1114,,0.00570000,0.000450000,0.00000
GRID,1115,,0.00600000,0.000350000,0.00000
GRID,1116,,0.00585000,0.000400000,0.00000
GRID,1117,,0.00630000,0.000250000,0.00000
GRID,1118,,0.00615000,0.000300000,0.00000
GRID,1119,,0.00660000,0.000150000,0.00000
GRID,1120,,0.00645000,0.000200000,0.00000
GRID,1121,,0.00690000,5.00000E-05,0.00000
GRID,1122,,0.00675000,0.000100000,0.00000
GRID,1123,,0.00720000,-5.00000E-05,0.00000
GRID,1124,,0.00705000,2.38524E-20,0.00000
GRID,1125,,0.00750000,-0.000150000,0.00000
GRID,1126,,0.00735000,-0.000100000,0.00000
GRID,1127,,0.00780000,-0.000250000,0.00000
GRID,1128,,0.00765000,-0.000200000,0.00000
GRID,1129,,0.00810000,-0.000350000,0.00000
GRID,1130,,0.00795000,-0.000300000,0.00000
GRID,1131,,0.00840000,-0.000450000,0.00000
GRID,1132,,0.00825000,-0.000400000,0.00000
GRID,1133,,0.00600000,0.000450000,0.00000
GRID,1134,,0.00630000,0.000350000,0.00000
GRID,1135,,0.00615000,0.000400000,0.00000
GRID,1136,,0.00660000,0.000250000,0.00000
GRID,1137,,0.00645000,0.000300000,0.00000
GRID,1138,,0.00690000,0.000150000,0.00000
GRID,1139,,0.00675000,0.000200000,0.00000
GRID,1140,,0.00720000,5.00000E-05,0.00000
GRID,1141,,0.00705000,0.000100000,0.00000
GRID,1142,,0.00750000,-5.00000E-05,0.00000
GRID,1143,,0.00735000,6.50521E-21,0.00000
GRID,1144,,0.00780000,-0.000150000,0.00000
GRID,1145,,0.00765000,-0.000100000,0.00000
GRID,1146,,0.00810000,-0.000250000,0.00000
GRID,1147,,0.00795000,-0.000200000,0.00000
GRID,1148,,0.00840000,-0.000350000,0.00000
GRID,1149,,0.00825000,-0.000300000,0.00000
GRID,1150,,0.00870000,-0.000450000,0.00000
GRID,1151,,0.00855000,-0.000400000,0.00000
GRID,1152,,0.00630000,0.000450000,0.00000
GRID,1153,,0.00660000,0.000350000,0.00000
GRID,1154,,0.00645000,0.000400000,0.00000
GRID,1155,,0.00690000,0.000250000,0.00000
GRID,1156,,0.00675000,0.000300000,0.00000
GRID,1157,,0.00720000,0.000150000,0.00000
GRID,1158,,0.00705000,0.000200000,0.00000
GRID,1159,,0.00750000,5.00000E-05,0.00000
GRID,1160,,0.00735000,0.000100000,0.00000
GRID,1161,,0.00780000,-5.00000E-05,0.00000
GRID,1162,,0.00765000,2.16840E-21,0.00000
GRID,1163,,0.00810000,-0.000150000,0.00000
GRID,1164,,0.00795000,-0.000100000,0.00000
GRID,1165,,0.00840000,-0.000250000,0.00000
GRID,1166,,0.00825000,-0.000200000,0.00000
GRID,1167,,0.00870000,-0.000350000,0.00000
GRID,1168,,0.00855000,-0.000300000,0.00000
GRID,1169,,0.00900000,-0.000450000,0.00000
GRID,1170,,0.00885000,-0.000400000,0.00000
GRID,1171,,0.00660000,0.000450000,0.00000
GRID,1172,,0.00690000,0.000350000,0.00000
GRID,1173,,0.00675000,0.000400000,0.00000
GRID,1174,,0.00720000,0.000250000,0.00000
GRID,1175,,0.00705000,0.000300000,0.00000
GRID,1176,,0.00750000,0.000150000,0.00000
GRID,1177,,0.00735000,0.000200000,0.00000
GRID,1178,,0.00780000,5.00000E-05,0.00000
GRID,1179,,0.00765000,0.000100000,0.00000
GRID,1180,,0.00810000,-5.00000E-05,0.00000
GRID,1181,,0.00795000,4.33681E-21,0.00000
GRID,1182,,0.00840000,-0.000150000,0.00000
GRID,1183,,0.00825000,-0.000100000,0.00000
GRID,1184,,0.00870000,-0.000250000,0.00000
GRID,1185,,0.00855000,-0.000200000,0.00000
GRID,1186,,0.00900000,-0.000350000,0.00000
GRID,1187,,0.00885000,-0.000300000,0.00000
GRID,1188,,0.00930000,-0.000450000,0.00000
GRID,1189,,0.00915000,-0.000400000,0.00000
GRID,1190,,0.00690000,0.000450000,0.00000
GRID,1191,,0.00720000,0.000350000,0.00000
GRID,1192,,0.00705000,0.000400000,0.00000
GRID,1193,,0.00750000,0.000250000,0.00000
GRID,1194,,0.00735000,0.000300000,0.00000
GRID,1195,,0.00780000,0.000150000,0.00000
GRID,1196,,0.00765000,0.000200000,0.00000
GRID,1197,,0.00810000,5.00000E-05,0.00000
GRID,1198,,0.00795000,0.000100000,0.00000
GRID,1199,,0.00840000,-5.00000E-05,0.00000
GRID,1200,,0.00825000,-6.50521E-21,0.00000
GRID,1201,,0.00870000,-0.000150000,0.00000
GRID,1202,,0.00855000,-0.000100000,0.00000
GRID,1203,,0.00900000,-0.000250000,0.00000
GRID,1204,,0.00885000,-0.000200000,0.00000
GRID,1205,,0.00930000,-0.000350000,0.00000
GRID,1206,,0.00915000,-0.000300000,0.00000
GRID,1207,,0.00960000,-0.000450000,0.00000
GRID,1208,,0.00945000,-0.000400000,0.00000
GRID,1209,,0.00720000,0.000450000,0.00000
GRID,1210,,0.00750000,0.000350000,0.00000
GRID,1211,,0.00735000,0.000400000,0.00000
GRID,1212,,0.00780000,0.000250000,0.00000
GRID,1213,,0.00765000,0.000300000,0.00000
GRID,1214,,0.00810000,0.000150000,0.00000
GRID,1215,,0.00795000,0.000200000,0.00000
GRID,1216,,0.00840000,5.00000E-05,0.00000
GRID,1217,,0.00825000,0.000100000,0.00000
GRID,1218,,0.00870000,-5.00000E-05,0.00000
GRID,1219,,0.00855000,-2.38524E-20,0.00000
GRID,1220,,0.00900000,-0.000150000,0.00000
GRID,1221,,0.00885000,-0.000100000,0.00000
GRID,1222,,0.00930000,-0.000250000,0.00000
GRID,1223,,0.00915000,-0.000200000,0.00000
GRID,1224,,0.00960000,-0.000350000,0.00000
GRID,1225,,0.00945000,-0.000300000,0.00000
GRID,1226,,0.00990000,-0.000450000,0.00000
GRID,1227,,0.00975000,-0.000400000,0.00000
GRID,1228,,0.00750000,0.000450000,0.00000
GRID,1229,,0.00780000,0.000350000,0.00000
GRID,1230,,0.00765000,0.000400000,0.00000
GRID,1231,,0.00810000,0.000250000,0.00000
GRID,1232,,0.00795000,0.000300000,0.00000
GRID,1233,,0.00840000,0.000150000,0.00000
GRID,1234,,0.00825000,0.000200000,0.00000
GRID,1235,,0.00870000,5.00000E-05,0.00000
GRID,1236,,0.00855000,0.000100000,0.00000
GRID,1237,,0.00900000,-5.00000E-05,0.00000
GRID,1238,,0.00885000,-5.42101E-20,0.00000
GRID,1239,,0.00930000,-0.000150000,0.00000
GRID,1240,,0.00915000,-0.000100000,0.00000
GRID,1241,,0.00960000,-0.000250000,0.00000
GRID,1242,,0.00945000,-0.000200000,0.00000
GRID,1243,,0.00990000,-0.000350000,0.00000
GRID,1244,,0.00975000,-0.000300000,0.00000
GRID,1245,,0.0102000,-0.000450000,0.00000
GRID,1246,,0.0100500,-0.000400000,0.00000
GRID,1247,,0.00780000,0.000450000,0.00000
GRID,1248,,0.00810000,0.000350000,0.00000
GRID,1249,,0.00795000,0.000400000,0.00000
GRID,1250,,0.00840000,0.000250000,0.00000
GRID,1251,,0.00825000,0.000300000,0.00000
GRID,1252,,0.00870000,0.000150000,0.00000
GRID,1253,,0.00855000,0.000200000,0.00000
GRID,1254,,0.00900000,5.00000E-05,0.00000
GRID,1255,,0.00885000,0.000100000,0.00000
GRID,1256,,0.00930000,-5.00000E-05,0.00000
GRID,1257,,0.00915000,-7.80626E-20,0.00000
GRID,1258,,0.00960000,-0.000150000,0.00000
GRID,1259,,0.00945000,-0.000100000,0.00000
GRID,1260,,0.00990000,-0.000250000,0.00000
GRID,1261,,0.00975000,-0.000200000,0.00000
GRID,1262,,0.0102000,-0.000350000,0.00000
GRID,1263,,0.0100500,-0.000300000,0.00000
GRID,1264,,0.0105000,-0.000450000,0.00000
GRID,1265,,0.0103500,-0.000400000,0.00000
GRID,1266,,0.00810000,0.000450000,0.00000
GRID,1267,,0.00840000,0.000350000,0.00000
GRID,1268,,0.00825000,0.000400000,0.00000
GRID,1269,,0.00870000,0.000250000,0.00000
GRID,1270,,0.00855000,0.000300000,0.00000
GRID,1271,,0.00900000,0.000150000,0.00000
GRID,1272,,0.00885000,0.000200000,0.00000
GRID,1273,,0.00930000,5.00000E-05,0.00000
GRID,1274,,0.00915000,0.000100000,0.00000
GRID,1275,,0.00960000,-5.00000E-05,0.00000
GRID,1276,,0.00945000,-8.23994E-20,0.00000
GRID,1277,,0.00990000,-0.000150000,0.00000
GRID,1278,,0.00975000,-0.000100000,0.00000
GRID,1279,,0.0102000,-0.000250000,0.00000
GRID,1280,,0.0100500,-0.000200000,0.00000
GRID,1281,,0.0105000,-0.000350000,0.00000
GRID,1282,,0.0103500,-0.000300000,0.00000
GRID,1283,,0.0108000,-0.000450000,0.00000
GRID,1284,,0.0106500,-0.000400000,0.00000
GRID,1285,,0.00840000,0.000450000,0.00000
GRID,1286,,0.00870000,0.000350000,0.00000
GRID,1287,,0.00855000,0.000400000,0.00000
GRID,1288,,0.00900000,0.000250000,0.00000
GRID,1289,,0.00885000,0.000300000,0.00000
GRID,1290,,0.00930000,0.000150000,0.00000
GRID,1291,,0.00915000,0.000200000,0.00000
GRID,1292,,0.00960000,5.00000E-05,0.00000
GRID,1293,,0.00945000,0.000100000,0.00000
GRID,1294,,0.00990000,-5.00000E-05,0.00000
GRID,1295,,0.00975000,-9.32414E-20,0.00000
GRID,1296,,0.0102000,-0.000150000,0.00000
GRID,1297,,0.0100500,-0.000100000,0.00000
GRID,1298,,0.0105000,-0.000250000,0.00000
GRID,1299,,0.0103500,-0.000200000,0.00000
GRID,1300,,0.0108000,-0.000350000,0.00000
GRID,1301,,0.0106500,-0.000300000,0.00000
GRID,1302,,0.0111000,-0.000450000,0.00000
GRID,1303,,0.0109500,-0.000400000,0.00000
GRID,1304,,0.00870000,0.000450000,0.00000
GRID,1305,,0.00900000,0.000350000,0.00000
GRID,1306,,0.00885000,0.000400000,0.00000
GRID,1307,,0.00930000,0.000250000,0.00000
GRID,1308,,0.00915000,0.000300000,0.00000
GRID,1309,,0.00960000,0.000150000,0.00000
GRID,1310,,0.00945000,0.000200000,0.00000
GRID,1311,,0.00990000,5.00000E-05,0.00000
GRID,1312,,0.00975000,0.000100000,0.00000
GRID,1313,,0.0102000,-5.00000E-05,0.00000
GRID,1314,,0.0100500,-9.10730E-20,0.00000
GRID,1315,,0.0105000,-0.000150000,0.00000
GRID,1316,,0.0103500,-0.000100000,0.00000
GRID,1317,,0.0108000,-0.000250000,0.00000
GRID,1318,,0.0106500,-0.000200000,0.00000
GRID,1319,,0.0111000,-0.000350000,0.00000
GRID,1320,,0.0109500,-0.000300000,0.00000
GRID,1321,,0.0114000,-0.000450000,0.00000
GRID,1322,,0.0112500,-0.000400000,0.00000
GRID,1323,,0.00900000,0.000450000,0.00000
GRID,1324,,0.00930000,0.000350000,0.00000
GRID,1325,,0.00915000,0.000400000,0.00000
GRID,1326,,0.00960000,0.000250000,0.00000
GRID,1327,,0.00945000,0.000300000,0.00000
GRID,1328,,0.00990000,0.000150000,0.00000
GRID,1329,,0.00975000,0.000200000,0.00000
GRID,1330,,0.0102000,5.00000E-05,0.00000
GRID,1331,,0.0100500,0.000100000,0.00000
GRID,1332,,0.0105000,-5.00000E-05,0.00000
GRID,1333,,0.0103500,-1.01915E-19,0.00000
GRID,1334,,0.0108000,-0.000150000,0.00000
GRID,1335,,0.0106500,-0.000100000,0.00000
GRID,1336,,0.0111000,-0.000250000,0.00000
GRID,1337,,0.0109500,-0.000200000,0.00000
GRID,1338,,0.0114000,-0.000350000,0.00000
GRID,1339,,0.0112500,-0.000300000,0.00000
GRID,1340,,0.0117000,-0.000450000,0.00000
GRID,1341,,0.0115500,-0.000400000,0.00000
GRID,1342,,0.00930000,0.000450000,0.00000
GRID,1343,,0.00960000,0.000350000,0.00000
GRID,1344,,0.00945000,0.000400000,0.00000
GRID,1345,,0.00990000,0.000250000,0.00000
GRID,1346,,0.00975000,0.000300000,0.00000
GRID,1347,,0.0102000,0.000150000,0.00000
GRID,1348,,0.0100500,0.000200000,0.00000
GRID,1349,,0.0105000,5.00000E-05,0.00000
GRID,1350,,0.0103500,0.000100000,0.00000
GRID,1351,,0.0108000,-5.00000E-05,0.00000
GRID,1352,,0.0106500,-1.12757E-19,0.00000
GRID,1353,,0.0111000,-0.000150000,0.00000
GRID,1354,,0.0109500,-0.000100000,0.00000
GRID,1355,,0.0114000,-0.000250000,0.00000
GRID,1356,,0.0112500,-0.000200000,0.00000
GRID,1357,,0.0117000,-0.000350000,0.00000
GRID,1358,,0.0115500,-0.000300000,0.00000
GRID,1359,,0.0120000,-0.000450000,0.00000
GRID,1360,,0.0118500,-0.000400000,0.00000
GRID,1361,,0.00960000,0.000450000,0.00000
GRID,1362,,0.00990000,0.000350000,0.00000
GRID,1363,,0.00975000,0.000400000,0.00000
GRID,1364,,0.0102000,0.000250000,0.00000
GRID,1365,,0.0100500,0.000300000,0.00000
GRID,1366,,0.0105000,0.000150000,0.00000
GRID,1367,,0.0103500,0.000200000,0.00000
GRID,1368,,0.0108000,5.00000E-05,0.00000
GRID,1369,,0.0106500,0.000100000,0.00000
GRID,1370,,0.0111000,-5.00000E-05,0.00000
GRID,1371,,0.0109500,-1.04083E-19,0.00000
GRID,1372,,0.0114000,-0.000150000,0.00000
GRID,1373,,0.0112500,-0.000100000,0.00000
GRID,1374,,0.0117000,-0.000250000,0.00000
GRID,1375,,0.0115500,-0.000200000,0.00000
GRID,1376,,0.0120000,-0.000350000,0.00000
GRID,1377,,0.0118500,-0.000300000,0.00000
GRID,1378,,0.0123000,-0.000450000,0.00000
GRID,1379,,0.0121500,-0.000400000,0.00000
GRID,1380,,0.00990000,0.000450000,0.00000
GRID,1381,,0.0102000,0.000350000,0.00000
GRID,1382,,0.0100500,0.000400000,0.00000
GRID,1383,,0.0105000,0.000250000,0.00000
GRID,1384,,0.0103500,0.000300000,0.00000
GRID,1385,,0.0108000,0.000150000,0.00000
GRID,1386,,0.0106500,0.000200000,0.00000
GRID,1387,,0.0111000,5.00000E-05,0.00000
GRID,1388,,0.0109500,0.000100000,0.00000
GRID,1389,,0.0114000,-5.00000E-05,0.00000
GRID,1390,,0.0112500,-8.89046E-20,0.00000
GRID,1391,,0.0117000,-0.000150000,0.00000
GRID,1392,,0.0115500,-0.000100000,0.00000
GRID,1393,,0.0120000,-0.000250000,0.00000
GRID,1394,,0.0118500,-0.000200000,0.00000
GRID,1395,,0.0123000,-0.000350000,0.00000
GRID,1396,,0.0121500,-0.000300000,0.00000
GRID,1397,,0.0126000,-0.000450000,0.00000
GRID,1398,,0.0124500,-0.000400000,0.00000
GRID,1399,,0.0102000,0.000450000,0.00000
GRID,1400,,0.0105000,0.000350000,0.00000
GRID,1401,,0.0103500,0.000400000,0.00000
GRID,1402,,0.0108000,0.000250000,0.00000
GRID,1403,,0.0106500,0.000300000,0.00000
GRID,1404,,0.0111000,0.000150000,0.00000
GRID,1405,,0.0109500,0.000200000,0.00000
GRID,1406,,0.0114000,5.00000E-05,0.00000
GRID,1407,,0.0112500,0.000100000,0.00000
GRID,1408,,0.0117000,-5.00000E-05,0.00000
GRID,1409,,0.0115500,-8.67362E-20,0.00000
GRID,1410,,0.0120000,-0.000150000,0.00000
GRID,1411,,0.0118500,-0.000100000,0.00000
GRID,1412,,0.0123000,-0.000250000,0.00000
GRID,1413,,0.0121500,-0.000200000,0.00000
GRID,1414,,0.0126000,-0.000350000,0.00000
GRID,1415,,0.0124500,-0.000300000,0.00000
GRID,1416,,0.0129000,-0.000450000,0.00000
GRID,1417,,0.0127500,-0.000400000,0.00000
GRID,1418,,0.0105000,0.000450000,0.00000
GRID,1419,,0.0108000,0.000350000,0.00000
GRID,1420,,0.0106500,0.000400000,0.00000
GRID,1421,,0.0111000,0.000250000,0.00000
GRID,1422,,0.0109500,0.000300000,0.00000
GRID,1423,,0.0114000,0.000150000,0.00000
GRID,1424,,0.0112500,0.000200000,0.00000
GRID,1425,,0.0117000,5.00000E-05,0.00000
GRID,1426,,0.0115500,0.000100000,0.00000
GRID,1427,,0.0120000,-5.00000E-05,0.00000
GRID,1428,,0.0118500,-9.43256E-20,0.00000
GRID,1429,,0.0123000,-0.000150000,0.00000
GRID,1430,,0.0121500,-0.000100000,0.00000
GRID,1431,,0.0126000,-0.000250000,0.00000
GRID,1432,,0.0124500,-0.000200000,0.00000
GRID,1433,,0.0129000,-0.000350000,0.00000
GRID,1434,,0.0127500,-0.000300000,0.00000
GRID,1435,,0.0132000,-0.000450000,0.00000
GRID,1436,,0.0130500,-0.000400000,0.00000
GRID,1437,,0.0108000,0.000450000,0.00000
GRID,1438,,0.0111000,0.000350000,0.00000
GRID,1439,,0.0109500,0.000400000,0.00000
GRID,1440,,0.0114000,0.000250000,0.00000
GRID,1441,,0.0112500,0.000300000,0.00000
GRID,1442,,0.0117000,0.000150000,0.00000
GRID,1443,,0.0115500,0.000200000,0.00000
GRID,1444,,0.0120000,5.00000E-05,0.00000
GRID,1445,,0.0118500,0.000100000,0.00000
GRID,1446,,0.0123000,-5.00000E-05,0.00000
GRID,1447,,0.0121500,-1.18178E-19,0.00000
GRID,1448,,0.0126000,-0.000150000,0.00000
GRID,1449,,0.0124500,-0.000100000,0.00000
GRID,1450,,0.0129000,-0.000250000,0.00000
GRID,1451,,0.0127500,-0.000200000,0.00000
GRID,1452,,0.0132000,-0.000350000,0.00000
GRID,1453,,0.0130500,-0.000300000,0.00000
GRID,1454,,0.0135000,-0.000450000,0.00000
GRID,1455,,0.0133500,-0.000400000,0.00000
GRID,1456,,0.0111000,0.000450000,0.00000
GRID,1457,,0.0114000,0.000350000,0.00000
GRID,1458,,0.0112500,0.000400000,0.00000
GRID,1459,,0.0117000,0.000250000,0.00000
GRID,1460,,0.0115500,0.000300000,0.00000
GRID,1461,,0.0120000,0.000150000,0.00000
GRID,1462,,0.0118500,0.000200000,0.00000
GRID,1463,,0.0123000,5.00000E-05,0.00000
GRID,1464,,0.0121500,0.000100000,0.00000
GRID,1465,,0.0126000,-5.00000E-05,0.00000
GRID,1466,,0.0124500,-1.68051E-19,0.00000
GRID,1467,,0.0129000,-0.000150000,0.00000
GRID,1468,,0.0127500,-0.000100000,0.00000
GRID,1469,,0.0132000,-0.000250000,0.00000
GRID,1470,,0.0130500,-0.000200000,0.00000
GRID,1471,,0.0135000,-0.000350000,0.00000
GRID,1472,,0.0133500,-0.000300000,0.00000
GRID,1473,,0.0138000,-0.000450000,0.00000
GRID,1474,,0.0136500,-0.000400000,0.00000
GRID,1475,,0.0114000,0.000450000,0.00000
GRID,1476,,0.0117000,0.000350000,0.00000
GRID,1477,,0.0115500,0.000400000,0.00000
GRID,1478,,0.0120000,0.000250000,0.00000
GRID,1479,,0.0118500,0.000300000,0.00000
GRID,1480,,0.0123000,0.000150000,0.00000
GRID,1481,,0.0121500,0.000200000,0.00000
GRID,1482,,0.0126000,5.00000E-05,0.00000
GRID,1483,,0.0124500,0.000100000,0.00000
GRID,1484,,0.0129000,-5.00000E-05,0.00000
GRID,1485,,0.0127500,-1.91904E-19,0.00000
GRID,1486,,0.0132000,-0.000150000,0.00000
GRID,1487,,0.0130500,-0.000100000,0.00000
GRID,1488,,0.0135000,-0.000250000,0.00000
GRID,1489,,0.0133500,-0.000200000,0.00000
GRID,1490,,0.0138000,-0.000350000,0.00000
GRID,1491,,0.0136500,-0.000300000,0.00000
GRID,1492,,0.0141000,-0.000450000,0.00000
GRID,1493,,0.0139500,-0.000400000,0.00000
GRID,1494,,0.0117000,0.000450000,0.00000
GRID,1495,,0.0120000,0.000350000,0.00000
GRID,1496,,0.0118500,0.000400000,0.00000
GRID,1497,,0.0123000,0.000250000,0.00000
GRID,1498,,0.0121500,0.000300000,0.00000
GRID,1499,,0.0126000,0.000150000,0.00000
GRID,1500,,0.0124500,0.000200000,0.00000
GRID,1501,,0.0129000,5.00000E-05,0.00000
GRID,1502,,0.0127500,0.000100000,0.00000
GRID,1503,,0.0132000,-5.00000E-05,0.00000
GRID,1504,,0.0130500,-1.63715E-19,0.00000
GRID,1505,,0.0135000,-0.000150000,0.00000
GRID,1506,,0.0133500,-0.000100000,0.00000
GRID,1507,,0.0138000,-0.000250000,0.00000
GRID,1508,,0.0136500,-0.000200000,0.00000
GRID,1509,,0.0141000,-0.000350000,0.00000
GRID,1510,,0.0139500,-0.000300000,0.00000
GRID,1511,,0.0144000,-0.000450000,0.00000
GRID,1512,,0.0142500,-0.000400000,0.00000
GRID,1513,,0.0120000,0.000450000,0.00000
GRID,1514,,0.0123000,0.000350000,0.00000
GRID,1515,,0.0121500,0.000400000,0.00000
GRID,1516,,0.0126000,0.000250000,0.00000
GRID,1517,,0.0124500,0.000300000,0.00000
GRID,1518,,0.0129000,0.000150000,0.00000
GRID,1519,,0.0127500,0.000200000,0.00000
GRID,1520,,0.0132000,5.00000E-05,0.00000
GRID,1521,,0.0130500,0.000100000,0.00000
GRID,1522,,0.0135000,-5.00000E-05,0.00000
GRID,1523,,0.0133500,-1.61546E-19,0.00000
GRID,1524,,0.0138000,-0.000150000,0.00000
GRID,1525,,0.0136500,-0.000100000,0.00000
GRID,1526,,0.0141000,-0.000250000,0.00000
GRID,1527,,0.0139500,-0.000200000,0.00000
GRID,1528,,0.0144000,-0.000350000,0.00000
GRID,1529,,0.0142500,-0.000300000,0.00000
GRID,1530,,0.0147000,-0.000450000,0.00000
GRID,1531,,0.0145500,-0.000400000,0.00000
GRID,1532,,0.0123000,0.000450000,0.00000
GRID,1533,,0.0126000,0.000350000,0.00000
GRID,1534,,0.0124500,0.000400000,0.00000
GRID,1535,,0.0129000,0.000250000,0.00000
GRID,1536,,0.0127500,0.000300000,0.00000
GRID,1537,,0.0132000,0.000150000,0.00000
GRID,1538,,0.0130500,0.000200000,0.00000
GRID,1539,,0.0135000,5.00000E-05,0.00000
GRID,1540,,0.0133500,0.000100000,0.00000
GRID,1541,,0.0138000,-5.00000E-05,0.00000
GRID,1542,,0.0136500,-1.98409E-19,0.00000
GRID,1543,,0.0141000,-0.000150000,0.00000
GRID,1544,,0.0139500,-0.000100000,0.00000
GRID,1545,,0.0144000,-0.000250000,0.00000
GRID,1546,,0.0142500,-0.000200000,0.00000
GRID,1547,,0.0147000,-0.000350000,0.00000
GRID,1548,,0.0145500,-0.000300000,0.00000
GRID,1549,,0.0148500,-0.000400000,0.00000
GRID,1550,,0.0126000,0.000450000,0.00000
GRID,1551,,0.0129000,0.000350000,0.00000
GRID,1552,,0.0127500,0.000400000,0.00000
GRID,1553,,0.0132000,0.000250000,0.00000
GRID,1554,,0.0130500,0.000300000,0.00000
GRID,1555,,0.0135000,0.000150000,0.00000
GRID,1556,,0.0133500,0.000200000,0.00000
GRID,1557,,0.0138000,5.00000E-05,0.00000
GRID,1558,,0.0136500,0.000100000,0.00000
GRID,1559,,0.0141000,-5.00000E-05,0.00000
GRID,1560,,0.0139500,-1.96241E-19,0.00000
GRID,1561,,0.0144000,-0.000150000,0.00000
GRID,1562,,0.0142500,-0.000100000,0.00000
GRID,1563,,0.0147000,-0.000250000,0.00000
GRID,1564,,0.0145500,-0.000200000,0.00000
GRID,1565,,0.0148500,-0.000300000,0.00000
GRID,1566,,0.0129000,0.000450000,0.00000
GRID,1567,,0.0132000,0.000350000,0.00000
GRID,1568,,0.0130500,0.000400000,0.00000
GRID,1569,,0.0135000,0.000250000,0.00000
GRID,1570,,0.0133500,0.000300000,0.00000
GRID,1571,,0.0138000,0.000150000,0.00000
GRID,1572,,0.0136500,0.000200000,0.00000
GRID,1573,,0.0141000,5.00000E-05,0.00000
GRID,1574,,0.0139500,0.000100000,0.00000
GRID,1575,,0.0144000,-5.00000E-05,0.00000
GRID,1576,,0.0142500,-1.93259E-19,0.00000
GRID,1577,,0.0147000,-0.000150000,0.00000
GRID,1578,,0.0145500,-0.000100000,0.00000
GRID,1579,,0.0148500,-0.000200000,0.00000
GRID,1580,,0.0132000,0.000450000,0.00000
GRID,1581,,0.0135000,0.000350000,0.00000
GRID,1582,,0.0133500,0.000400000,0.00000
GRID,1583,,0.0138000,0.000250000,0.00000
GRID,1584,,0.0136500,0.000300000,0.00000
GRID,1585,,0.0141000,0.000150000,0.00000
GRID,1586,,0.0139500,0.000200000,0.00000
GRID,1587,,0.0144000,5.00000E-05,0.00000
GRID,1588,,0.0142500,0.000100000,0.00000
GRID,1589,,0.0147000,-5.00000E-05,0.00000
GRID,1590,,0.0145500,-1.64663E-19,0.00000
GRID,1591,,0.0148500,-0.000100000,0.00000
GRID,1592,,0.0135000,0.000450000,0.00000
GRID,1593,,0.0138000,0.000350000,0.00000
GRID,1594,,0.0136500,0.000400000,0.00000
GRID,1595,,0.0141000,0.000250000,0.00000
GRID,1596,,0.0139500,0.000300000,0.00000
GRID,1597,,0.0144000,0.000150000,0.00000
GRID,1598,,0.0142500,0.000200000,0.00000
GRID,1599,,0.0147000,5.00000E-05,0.00000
GRID,1600,,0.0145500,0.000100000,0.00000
GRID,1601,,0.0148500,-1.70897E-19,0.00000
GRID,1602,,0.0138000,0.000450000,0.00000
GRID,1603,,0.0141000,0.000350000,0.00000
GRID,1604,,0.0139500,0.000400000,0.00000
GRID,1605,,0.0144000,0.000250000,0.00000
GRID,1606,,0.0142500,0.000300000,0.00000
GRID,1607,,0.0147000,0.000150000,0.00000
GRID,1608,,0.0145500,0.000200000,0.00000
GRID,1609,,0.0148500,0.000100000,0.00000
GRID,1610,,0.0141000,0.000450000,0.00000
GRID,1611,,0.0144000,0.000350000,0.00000
GRID,1612,,0.0142500,0.000400000,0.00000
GRID,1613,,0.0147000,0.000250000,0.00000
GRID,1614,,0.0145500,0.000300000,0.00000
GRID,1615,,0.0148500,0.000200000,0.00000
GRID,1616,,0.0144000,0.000450000,0.00000
GRID,1617,,0.0147000,0.000350000,0.00000
GRID,1618,,0.0145500,0.000400000,0.00000
GRID,1619,,0.0148500,0.000300000,0.00000
GRID,1620,,0.0147000,0.000450000,0.00000
GRID,1621,,0.0148500,0.000400000,0.00000
$ Element data section
CQUAD8,1,1,1,3,5,2,572,682,683,562
CQUAD8,2,1,2,5,8,4,683,684,685,563
CQUAD8,3,1,3,6,9,5,573,686,687,682
CQUAD8,4,1,4,8,12,7,685,688,689,564
CQUAD8,5,1,5,9,13,8,687,690,691,684
CQUAD8,6,1,6,10,14,9,574,692,693,686
CQUAD8,7,1,7,12,17,11,689,694,695,565
CQUAD8,8,1,8,13,18,12,691,696,697,688
CQUAD8,9,1,9,14,19,13,693,698,699,690
CQUAD8,10,1,10,15,20,14,575,700,701,692
CQUAD8,11,1,11,17,23,16,695,702,703,566
CQUAD8,12,1,12,18,24,17,697,704,705,694
CQUAD8,13,1,13,19,25,18,699,706,707,696
CQUAD8,14,1,14,20,26,19,701,708,709,698
CQUAD8,15,1,15,21,27,20,576,710,711,700
CQUAD8,16,1,16,23,30,22,703,712,713,567
CQUAD8,17,1,17,24,31,23,705,714,715,702
CQUAD8,18,1,18,25,32,24,707,716,717,704
CQUAD8,19,1,19,26,33,25,709,718,719,706
CQUAD8,20,1,20,27,34,26,711,720,721,708
CQUAD8,21,1,21,28,35,27,577,722,723,710
CQUAD8,22,1,22,30,38,29,713,724,725,568
CQUAD8,23,1,23,31,39,30,715,726,727,712
CQUAD8,24,1,24,32,40,31,717,728,729,714
CQUAD8,25,1,25,33,41,32,719,730,731,716
CQUAD8,26,1,26,34,42,33,721,732,733,718
CQUAD8,27,1,27,35,43,34,723,734,735,720
CQUAD8,28,1,28,36,44,35,578,736,737,722
CQUAD8,29,1,29,38,47,37,725,738,739,569
CQUAD8,30,1,30,39,48,38,727,740,741,724
CQUAD8,31,1,31,40,49,39,729,742,743,726
CQUAD8,32,1,32,41,50,40,731,744,745,728
CQUAD8,33,1,33,42,51,41,733,746,747,730
CQUAD8,34,1,34,43,52,42,735,748,749,732
CQUAD8,35,1,35,44,53,43,737,750,751,734
CQUAD8,36,1,36,45,54,44,579,752,753,736
CQUAD8,37,1,37,47,57,46,739,754,755,570
CQUAD8,38,1,38,48,58,47,741,756,757,738
CQUAD8,39,1,39,49,59,48,743,758,759,740
CQUAD8,40,1,40,50,60,49,745,760,761,742
CQUAD8,41,1,41,51,61,50,747,762,763,744
CQUAD8,42,1,42,52,62,51,749,764,765,746
CQUAD8,43,1,43,53,63,52,751,766,767,748
CQUAD8,44,1,44,54,64,53,753,768,769,750
CQUAD8,45,1,45,55,65,54,580,770,771,752
CQUAD8,46,1,46,57,67,56,755,772,622,571
CQUAD8,47,1,47,58,68,57,757,773,774,754
CQUAD8,48,1,48,59,69,58,759,775,776,756
CQUAD8,49,1,49,60,70,59,761,777,778,758
CQUAD8,50,1,50,61,71,60,763,779,780,760
CQUAD8,51,1,51,62,72,61,765,781,782,762
CQUAD8,52,1,52,63,73,62,767,783,784,764
CQUAD8,53,1,53,64,74,63,769,785,786,766
CQUAD8,54,1,54,65,75,64,771,787,788,768
CQUAD8,55,1,55,66,76,65,581,789,790,770
CQUAD8,56,1,57,68,78,67,774,791,623,772
CQUAD8,57,1,58,69,79,68,776,792,793,773
CQUAD8,58,1,59,70,80,69,778,794,795,775
CQUAD8,59,1,60,71,81,70,780,796,797,777
CQUAD8,60,1,61,72,82,71,782,798,799,779
CQUAD8,61,1,62,73,83,72,784,800,801,781
CQUAD8,62,1,63,74,84,73,786,802,803,783
CQUAD8,63,1,64,75,85,74,788,804,805,785
CQUAD8,64,1,65,76,86,75,790,806,807,787
CQUAD8,65,1,66,77,87,76,582,808,809,789
CQUAD8,66,1,68,79,89,78,793,810,624,791
CQUAD8,67,1,69,80,90,79,795,811,812,792
CQUAD8,68,1,70,81,91,80,797,813,814,794
CQUAD8,69,1,71,82,92,81,799,815,816,796
CQUAD8,70,1,72,83,93,82,801,817,818,798
CQUAD8,71,1,73,84,94,83,803,819,820,800
CQUAD8,72,1,74,85,95,84,805,821,822,802
CQUAD8,73,1,75,86,96,85,807,823,824,804
CQUAD8,74,1,76,87,97,86,809,825,826,806
CQUAD8,75,1,77,88,98,87,583,827,828,808
CQUAD8,76,1,79,90,100,89,812,829,625,810
CQUAD8,77,1,80,91,101,90,814,830,831,811
CQUAD8,78,1,81,92,102,91,816,832,833,813
CQUAD8,79,1,82,93,103,92,818,834,835,815
CQUAD8,80,1,83,94,104,93,820,836,837,817
CQUAD8,81,1,84,95,105,94,822,838,839,819
CQUAD8,82,1,85,96,106,95,824,840,841,821
CQUAD8,83,1,86,97,107,96,826,842,843,823
CQUAD8,84,1,87,98,108,97,828,844,845,825
CQUAD8,85,1,88,99,109,98,584,846,847,827
CQUAD8,86,1,90,101,111,100,831,848,626,829
CQUAD8,87,1,91,102,112,101,833,849,850,830
CQUAD8,88,1,92,103,113,102,835,851,852,832
CQUAD8,89,1,93,104,114,103,837,853,854,834
CQUAD8,90,1,94,105,115,104,839,855,856,836
CQUAD8,91,1,95,106,116,105,841,857,858,838
CQUAD8,92,1,96,107,117,106,843,859,860,840
CQUAD8,93,1,97,108,118,107,845,861,862,842
CQUAD8,94,1,98,109,119,108,847,863,864,844
CQUAD8,95,1,99,110,120,109,585,865,866,846
CQUAD8,96,1,101,112,122,111,850,867,627,848
CQUAD8,97,1,102,113,123,112,852,868,869,849
CQUAD8,98,1,103,114,124,113,854,870,871,851
CQUAD8,99,1,104,115,125,114,856,872,873,853
CQUAD8,100,1,105,116,126,115,858,874,875,855
CQUAD8,101,1,106,117,127,116,860,876,877,857
CQUAD8,102,1,107,118,128,117,862,878,879,859
CQUAD8,103,1,108,119,129,118,864,880,881,861
CQUAD8,104,1,109,120,130,119,866,882,883,863
CQUAD8,105,1,110,121,131,120,586,884,885,865
CQUAD8,106,1,112,123,133,122,869,886,628,867
CQUAD8,107,1,113,124,134,123,871,887,888,868
CQUAD8,108,1,114,125,135,124,873,889,890,870
CQUAD8,109,1,115,126,136,125,875,891,892,872
CQUAD8,110,1,116,127,137,126,877,893,894,874
CQUAD8,111,1,117,128,138,127,879,895,896,876
CQUAD8,112,1,118,129,139,128,881,897,898,878
CQUAD8,113,1,119,130,140,129,883,899,900,880
CQUAD8,114,1,120,131,141,130,885,901,902,882
CQUAD8,115,1,121,132,142,131,587,903,904,884
CQUAD8,116,1,123,134,144,133,888,905,629,886
CQUAD8,117,1,124,135,145,134,890,906,907,887
CQUAD8,118,1,125,136,146,135,892,908,909,889
CQUAD8,119,1,126,137,147,136,894,910,911,891
CQUAD8,120,1,127,138,148,137,896,912,913,893
CQUAD8,121,1,128,139,149,138,898,914,915,895
CQUAD8,122,1,129,140,150,139,900,916,917,897
CQUAD8,123,1,130,141,151,140,902,918,919,899
CQUAD8,124,1,131,142,152,141,904,920,921,901
CQUAD8,125,1,132,143,153,142,588,922,923,903
CQUAD8,126,1,134,145,155,144,907,924,630,905
CQUAD8,127,1,135,146,156,145,909,925,926,906
CQUAD8,128,1,136,147,157,146,911,927,928,908
CQUAD8,129,1,137,148,158,147,913,929,930,910
CQUAD8,130,1,138,149,159,148,915,931,932,912
CQUAD8,131,1,139,150,160,149,917,933,934,914
CQUAD8,132,1,140,151,161,150,919,935,936,916
CQUAD8,133,1,141,152,162,151,921,937,938,918
CQUAD8,134,1,142,153,163,152,923,939,940,920
CQUAD8,135,1,143,154,164,153,589,941,942,922
CQUAD8,136,1,145,156,166,155,926,943,631,924
CQUAD8,137,1,146,157,167,156,928,944,945,925
CQUAD8,138,1,147,158,168,157,930,946,947,927
CQUAD8,139,1,148,159,169,158,932,948,949,929
CQUAD8,140,1,149,160,170,159,934,950,951,931
CQUAD8,141,1,150,161,171,160,936,952,953,933
CQUAD8,142,1,151,162,172,161,938,954,955,935
CQUAD8,143,1,152,163,173,162,940,956,957,937
CQUAD8,144,1,153,164,174,163,942,958,959,939
CQUAD8,145,1,154,165,175,164,590,960,961,941
CQUAD8,146,1,156,167,177,166,945,962,632,943
CQUAD8,147,1,157,168,178,167,947,963,964,944
CQUAD8,148,1,158,169,179,168,949,965,966,946
CQUAD8,149,1,159,170,180,169,951,967,968,948
CQUAD8,150,1,160,171,181,170,953,969,970,950
CQUAD8,151,1,161,172,182,171,955,971,972,952
CQUAD8,152,1,162,173,183,172,957,973,974,954
CQUAD8,153,1,163,174,184,173,959,975,976,956
CQUAD8,154,1,164,175,185,174,961,977,978,958
CQUAD8,155,1,165,176,186,175,591,979,980,960
CQUAD8,156,1,167,178,188,177,964,981,633,962
CQUAD8,157,1,168,179,189,178,966,982,983,963
CQUAD8,158,1,169,180,190,179,968,984,985,965
CQUAD8,159,1,170,181,191,180,970,986,987,967
CQUAD8,160,1,171,182,192,181,972,988,989,969
CQUAD8,161,1,172,183,193,182,974,990,991,971
CQUAD8,162,1,173,184,194,183,976,992,993,973
CQUAD8,163,1,174,185,195,184,978,994,995,975
CQUAD8,164,1,175,186,196,185,980,996,997,977
CQUAD8,165,1,176,187,197,186,592,998,999,979
CQUAD8,166,1,178,189,199,188,983,1000,634,981
CQUAD8,167,1,179,190,200,189,985,1001,1002,982
CQUAD8,168,1,180,191,201,190,987,1003,1004,984
CQUAD8,169,1,181,192,202,191,989,1005,1006,986
CQUAD8,170,1,182,193,203,192,991,1007,1008,988
CQUAD8,171,1,183,194,204,193,993,1009,1010,990
CQUAD8,172,1,184,195,205,194,995,1011,1012,992
CQUAD8,173,1,185,196,206,195,997,1013,1014,994
CQUAD8,174,1,186,197,207,196,999,1015,1016,996
CQUAD8,175,1,187,198,208,197,593,1017,1018,998
CQUAD8,176,1,189,200,210,199,1002,1019,635,1000
CQUAD8,177,1,190,201,211,200,1004,1020,1021,1001
CQUAD8,178,1,191,202,212,201,1006,1022,1023,1003
CQUAD8,179,1,192,203,213,202,1008,1024,1025,1005
CQUAD8,180,1,193,204,214,203,1010,1026,1027,1007
CQUAD8,181,1,194,205,215,204,1012,1028,1029,1009
CQUAD8,182,1,195,206,216,205,1014,1030,1031,1011
CQUAD8,183,1,196,207,217,206,1016,1032,1033,1013
CQUAD8,184,1,197,208,218,207,1018,1034,1035,1015
CQUAD8,185,1,198,209,219,208,594,1036,1037,1017
CQUAD8,186,1,200,211,221,210,1021,1038,636,1019
CQUAD8,187,1,201,212,222,211,1023,1039,1040,1020
CQUAD8,188,1,202,213,223,212,1025,1041,1042,1022
CQUAD8,189,1,203,214,224,213,1027,1043,1044,1024
CQUAD8,190,1,204,215,225,214,1029,1045,1046,1026
CQUAD8,191,1,205,216,226,215,1031,1047,1048,1028
CQUAD8,192,1,206,217,227,216,1033,1049,1050,1030
CQUAD8,193,1,207,218,228,217,1035,1051,1052,1032
CQUAD8,194,1,208,219,229,218,1037,1053,1054,1034
CQUAD8,195,1,209,220,230,219,595,1055,1056,1036
CQUAD8,196,1,211,222,232,221,1040,1057,637,1038
CQUAD8,197,1,212,223,233,222,1042,1058,1059,1039
CQUAD8,198,1,213,224,234,223,1044,1060,1061,1041
CQUAD8,199,1,214,225,235,224,1046,1062,1063,1043
CQUAD8,200,1,215,226,236,225,1048,1064,1065,1045
CQUAD8,201,1,216,227,237,226,1050,1066,1067,1047
CQUAD8,202,1,217,228,238,227,1052,1068,1069,1049
CQUAD8,203,1,218,229,239,228,1054,1070,1071,1051
CQUAD8,204,1,219,230,240,229,1056,1072,1073,1053
CQUAD8,205,1,220,231,241,230,596,1074,1075,1055
CQUAD8,206,1,222,233,243,232,1059,1076,638,1057
CQUAD8,207,1,223,234,244,233,1061,1077,1078,1058
CQUAD8,208,1,224,235,245,234,1063,1079,1080,1060
CQUAD8,209,1,225,236,246,235,1065,1081,1082,1062
CQUAD8,210,1,226,237,247,236,1067,1083,1084,1064
CQUAD8,211,1,227,238,248,237,1069,1085,1086,1066
CQUAD8,212,1,228,239,249,238,1071,1087,1088,1068
CQUAD8,213,1,229,240,250,239,1073,1089,1090,1070
CQUAD8,214,1,230,241,251,240,1075,1091,1092,1072
CQUAD8,215,1,231,242,252,241,597,1093,1094,1074
CQUAD8,216,1,233,244,254,243,1078,1095,639,1076
CQUAD8,217,1,234,245,255,244,1080,1096,1097,1077
CQUAD8,218,1,235,246,256,245,1082,1098,1099,1079
CQUAD8,219,1,236,247,257,246,1084,1100,1101,1081
CQUAD8,220,1,237,248,258,247,1086,1102,1103,1083
CQUAD8,221,1,238,249,259,248,1088,1104,1105,1085
CQUAD8,222,1,239,250,260,249,1090,1106,1107,1087
CQUAD8,223,1,240,251,261,250,1092,1108,1109,1089
CQUAD8,224,1,241,252,262,251,1094,1110,1111,1091
CQUAD8,225,1,242,253,263,252,598,1112,1113,1093
CQUAD8,226,1,244,255,265,254,1097,1114,640,1095
CQUAD8,227,1,245,256,266,255,1099,1115,1116,1096
CQUAD8,228,1,246,257,267,256,1101,1117,1118,1098
CQUAD8,229,1,247,258,268,257,1103,1119,1120,1100
CQUAD8,230,1,248,259,269,258,1105,1121,1122,1102
CQUAD8,231,1,249,260,270,259,1107,1123,1124,1104
CQUAD8,232,1,250,261,271,260,1109,1125,1126,1106
CQUAD8,233,1,251,262,272,261,1111,1127,1128,1108
CQUAD8,234,1,252,263,273,262,1113,1129,1130,1110
CQUAD8,235,1,253,264,274,263,599,1131,1132,1112
CQUAD8,236,1,255,266,276,265,1116,1133,641,1114
CQUAD8,237,1,256,267,277,266,1118,1134,1135,1115
CQUAD8,238,1,257,268,278,267,1120,1136,1137,1117
CQUAD8,239,1,258,269,279,268,1122,1138,1139,1119
CQUAD8,240,1,259,270,280,269,1124,1140,1141,1121
CQUAD8,241,1,260,271,281,270,1126,1142,1143,1123
CQUAD8,242,1,261,272,282,271,1128,1144,1145,1125
CQUAD8,243,1,262,273,283,272,1130,1146,1147,1127
CQUAD8,244,1,263,274,284,273,1132,1148,1149,1129
CQUAD8,245,1,264,275,285,274,600,1150,1151,1131
CQUAD8,246,1,266,277,287,276,1135,1152,642,1133
CQUAD8,247,1,267,278,288,277,1137,1153,1154,1134
CQUAD8,248,1,268,279,289,278,1139,1155,1156,1136
CQUAD8,249,1,269,280,290,279,1141,1157,1158,1138
CQUAD8,250,1,270,281,291,280,1143,1159,1160,1140
CQUAD8,251,1,271,282,292,281,1145,1161,1162,1142
CQUAD8,252,1,272,283,293,282,1147,1163,1164,1144
CQUAD8,253,1,273,284,294,283,1149,1165,1166,1146
CQUAD8,254,1,274,285,295,284,1151,1167,1168,1148
CQUAD8,255,1,275,286,296,285,601,1169,1170,1150
CQUAD8,256,1,277,288,298,287,1154,1171,643,1152
CQUAD8,257,1,278,289,299,288,1156,1172,1173,1153
CQUAD8,258,1,279,290,300,289,1158,1174,1175,1155
CQUAD8,259,1,280,291,301,290,1160,1176,1177,1157
CQUAD8,260,1,281,292,302,291,1162,1178,1179,1159
CQUAD8,261,1,282,293,303,292,1164,1180,1181,1161
CQUAD8,262,1,283,294,304,293,1166,1182,1183,1163
CQUAD8,263,1,284,295,305,294,1168,1184,1185,1165
CQUAD8,264,1,285,296,306,295,1170,1186,1187,1167
CQUAD8,265,1,286,297,307,296,602,1188,1189,1169
CQUAD8,266,1,288,299,309,298,1173,1190,644,1171
CQUAD8,267,1,289,300,310,299,1175,1191,1192,1172
CQUAD8,268,1,290,301,311,300,1177,1193,1194,1174
CQUAD8,269,1,291,302,312,301,1179,1195,1196,1176
CQUAD8,270,1,292,303,313,302,1181,1197,1198,1178
CQUAD8,271,1,293,304,314,303,1183,1199,1200,1180
CQUAD8,272,1,294,305,315,304,1185,1201,1202,1182
CQUAD8,273,1,295,306,316,305,1187,1203,1204,1184
CQUAD8,274,1,296,307,317,306,1189,1205,1206,1186
CQUAD8,275,1,297,308,318,307,603,1207,1208,1188
CQUAD8,276,1,299,310,320,309,1192,1209,645,1190
CQUAD8,277,1,300,311,321,310,1194,1210,1211,1191
CQUAD8,278,1,301,312,322,311,1196,1212,1213,1193
CQUAD8,279,1,302,313,323,312,1198,1214,1215,1195
CQUAD8,280,1,303,314,324,313,1200,1216,1217,1197
CQUAD8,281,1,304,315,325,314,1202,1218,1219,1199
CQUAD8,282,1,305,316,326,315,1204,1220,1221,1201
CQUAD8,283,1,306,317,327,316,1206,1222,1223,1203
CQUAD8,284,1,307,318,328,317,1208,1224,1225,1205
CQUAD8,285,1,308,319,329,318,604,1226,1227,1207
CQUAD8,286,1,310,321,331,320,1211,1228,646,1209
CQUAD8,287,1,311,322,332,321,1213,1229,1230,1210
CQUAD8,288,1,312,323,333,322,1215,1231,1232,1212
CQUAD8,289,1,313,324,334,323,1217,1233,1234,1214
CQUAD8,290,1,314,325,335,324,1219,1235,1236,1216
CQUAD8,291,1,315,326,336,325,1221,1237,1238,1218
CQUAD8,292,1,316,327,337,326,1223,1239,1240,1220
CQUAD8,293,1,317,328,338,327,1225,1241,1242,1222
CQUAD8,294,1,318,329,339,328,1227,1243,1244,1224
CQUAD8,295,1,319,330,340,329,605,1245,1246,1226
CQUAD8,296,1,321,332,342,331,1230,1247,647,1228
CQUAD8,297,1,322,333,343,332,1232,1248,1249,1229
CQUAD8,298,1,323,334,344,333,1234,1250,1251,1231
CQUAD8,299,1,324,335,345,334,1236,1252,1253,1233
CQUAD8,300,1,325,336,346,335,1238,1254,1255,1235
CQUAD8,301,1,326,337,347,336,1240,1256,1257,1237
CQUAD8,302,1,327,338,348,337,1242,1258,1259,1239
CQUAD8,303,1,328,339,349,338,1244,1260,1261,1241
CQUAD8,304,1,329,340,350,339,1246,1262,1263,1243
CQUAD8,305,1,330,341,351,340,606,1264,1265,1245
CQUAD8,306,1,332,343,353,342,1249,1266,648,1247
CQUAD8,307,1,333,344,354,343,1251,1267,1268,1248
CQUAD8,308,1,334,345,355,344,1253,1269,1270,1250
CQUAD8,309,1,335,346,356,345,1255,1271,1272,1252
CQUAD8,310,1,336,347,357,346,1257,1273,1274,1254
CQUAD8,311,1,337,348,358,347,1259,1275,1276,1256
CQUAD8,312,1,338,349,359,348,1261,1277,1278,1258
CQUAD8,313,1,339,350,360,349,1263,1279,1280,1260
CQUAD8,314,1,340,351,361,350,1265,1281,1282,1262
CQUAD8,315,1,341,352,362,351,607,1283,1284,1264
CQUAD8,316,1,343,354,364,353,1268,1285,649,1266
CQUAD8,317,1,344,355,365,354,1270,1286,1287,1267
CQUAD8,318,1,345,356,366,355,1272,1288,1289,1269
CQUAD8,319,1,346,357,367,356,1274,1290,1291,1271
CQUAD8,320,1,347,358,368,357,1276,1292,1293,1273
CQUAD8,321,1,348,359,369,358,1278,1294,1295,1275
CQUAD8,322,1,349,360,370,359,1280,1296,1297,1277
CQUAD8,323,1,350,361,371,360,1282,1298,1299,1279
CQUAD8,324,1,351,362,372,361,1284,1300,1301,1281
CQUAD8,325,1,352,363,373,362,608,1302,1303,1283
CQUAD8,326,1,354,365,375,364,1287,1304,650,1285
CQUAD8,327,1,355,366,376,365,1289,1305,1306,1286
CQUAD8,328,1,356,367,377,366,1291,1307,1308,1288
CQUAD8,329,1,357,368,378,367,1293,1309,1310,1290
CQUAD8,330,1,358,369,379,368,1295,1311,1312,1292
CQUAD8,331,1,359,370,380,369,1297,1313,1314,1294
CQUAD8,332,1,360,371,381,370,1299,1315,1316,1296
CQUAD8,333,1,361,372,382,371,1301,1317,1318,1298
CQUAD8,334,1,362,373,383,372,1303,1319,1320,1300
CQUAD8,335,1,363,374,384,373,609,1321,1322,1302
CQUAD8,336,1,365,376,386,375,1306,1323,651,1304
CQUAD8,337,1,366,377,387,376,1308,1324,1325,1305
CQUAD8,338,1,367,378,388,377,1310,1326,1327,1307
CQUAD8,339,1,368,379,389,378,1312,1328,1329,1309
CQUAD8,340,1,369,380,390,379,1314,1330,1331,1311
CQUAD8,341,1,370,381,391,380,1316,1332,1333,1313
CQUAD8,342,1,371,382,392,381,1318,1334,1335,1315
CQUAD8,343,1,372,383,393,382,1320,1336,1337,1317
CQUAD8,344,1,373,384,394,383,1322,1338,1339,1319
CQUAD8,345,1,374,385,395,384,610,1340,1341,1321
CQUAD8,346,1,376,387,397,386,1325,1342,652,1323
CQUAD8,347,1,377,388,398,387,1327,1343,1344,1324
CQUAD8,348,1,378,389,399,388,1329,1345,1346,1326
CQUAD8,349,1,379,390,400,389,1331,1347,1348,1328
CQUAD8,350,1,380,391,401,390,1333,1349,1350,1330
CQUAD8,351,1,381,392,402,391,1335,1351,1352,1332
CQUAD8,352,1,382,393,403,392,1337,1353,1354,1334
CQUAD8,353,1,383,394,404,393,1339,1355,1356,1336
CQUAD8,354,1,384,395,405,394,1341,1357,1358,1338
CQUAD8,355,1,385,396,406,395,611,1359,1360,1340
CQUAD8,356,1,387,398,408,397,1344,1361,653,1342
CQUAD8,357,1,388,399,409,398,1346,1362,1363,1343
CQUAD8,358,1,389,400,410,399,1348,1364,1365,1345
CQUAD8,359,1,390,401,411,400,1350,1366,1367,1347
CQUAD8,360,1,391,402,412,401,1352,1368,1369,1349
CQUAD8,361,1,392,403,413,402,1354,1370,1371,1351
CQUAD8,362,1,393,404,414,403,1356,1372,1373,1353
CQUAD8,363,1,394,405,415,404,1358,1374,1375,1355
CQUAD8,364,1,395,406,416,405,1360,1376,1377,1357
CQUAD8,365,1,396,407,417,406,612,1378,1379,1359
CQUAD8,366,1,398,409,419,408,1363,1380,654,1361
CQUAD8,367,1,399,410,420,409,1365,1381,1382,1362
CQUAD8,368,1,400,411,421,410,1367,1383,1384,1364
CQUAD8,369,1,401,412,422,411,1369,1385,1386,1366
CQUAD8,370,1,402,413,423,412,1371,1387,1388,1368
CQUAD8,371,1,403,414,424,413,1373,1389,1390,1370
CQUAD8,372,1,404,415,425,414,1375,1391,1392,1372
CQUAD8,373,1,405,416,426,415,1377,1393,1394,1374
CQUAD8,374,1,406,417,427,416,1379,1395,1396,1376
CQUAD8,375,1,407,418,428,417,613,1397,1398,1378
CQUAD8,376,1,409,420,430,419,1382,1399,655,1380
CQUAD8,377,1,410,421,431,420,1384,1400,1401,1381
CQUAD8,378,1,411,422,432,421,1386,1402,1403,1383
CQUAD8,379,1,412,423,433,422,1388,1404,1405,1385
CQUAD8,380,1,413,424,434,423,1390,1406,1407,1387
CQUAD8,381,1,414,425,435,424,1392,1408,1409,1389
CQUAD8,382,1,415,426,436,425,1394,1410,1411,1391
CQUAD8,383,1,416,427,437,426,1396,1412,1413,1393
CQUAD8,384,1,417,428,438,427,1398,1414,1415,1395
CQUAD8,385,1,418,429,439,428,614,1416,1417,1397
CQUAD8,386,1,420,431,441,430,1401,1418,656,1399
CQUAD8,387,1,421,432,442,431,1403,1419,1420,1400
CQUAD8,388,1,422,433,443,432,1405,1421,1422,1402
CQUAD8,389,1,423,434,444,433,1407,1423,1424,1404
CQUAD8,390,1,424,435,445,434,1409,1425,1426,1406
CQUAD8,391,1,425,436,446,435,1411,1427,1428,1408
CQUAD8,392,1,426,437,447,436,1413,1429,1430,1410
CQUAD8,393,1,427,438,448,437,1415,1431,1432,1412
CQUAD8,394,1,428,439,449,438,1417,1433,1434,1414
CQUAD8,395,1,429,440,450,439,615,1435,1436,1416
CQUAD8,396,1,431,442,452,441,1420,1437,657,1418
CQUAD8,397,1,432,443,453,442,1422,1438,1439,1419
CQUAD8,398,1,433,444,454,443,1424,1440,1441,1421
CQUAD8,399,1,434,445,455,444,1426,1442,1443,1423
CQUAD8,400,1,435,446,456,445,1428,1444,1445,1425
CQUAD8,401,1,436,447,457,446,1430,1446,1447,1427
CQUAD8,402,1,437,448,458,447,1432,1448,1449,1429
CQUAD8,403,1,438,449,459,448,1434,1450,1451,1431
CQUAD8,404,1,439,450,460,449,1436,1452,1453,1433
CQUAD8,405,1,440,451,461,450,616,1454,1455,1435
CQUAD8,406,1,442,453,463,452,1439,1456,658,1437
CQUAD8,407,1,443,454,464,453,1441,1457,1458,1438
CQUAD8,408,1,444,455,465,454,1443,1459,1460,1440
CQUAD8,409,1,445,456,466,455,1445,1461,1462,1442
CQUAD8,410,1,446,457,467,456,1447,1463,1464,1444
CQUAD8,411,1,447,458,468,457,1449,1465,1466,1446
CQUAD8,412,1,448,459,469,458,1451,1467,1468,1448
CQUAD8,413,1,449,460,470,459,1453,1469,1470,1450
CQUAD8,414,1,450,461,471,460,1455,1471,1472,1452
CQUAD8,415,1,451,462,472,461,617,1473,1474,1454
CQUAD8,416,1,453,464,474,463,1458,1475,659,1456
CQUAD8,417,1,454,465,475,464,1460,1476,1477,1457
CQUAD8,418,1,455,466,476,465,1462,1478,1479,1459
CQUAD8,419,1,456,467,477,466,1464,1480,1481,1461
CQUAD8,420,1,457,468,478,467,1466,1482,1483,1463
CQUAD8,421,1,458,469,479,468,1468,1484,1485,1465
CQUAD8,422,1,459,470,480,469,1470,1486,1487,1467
CQUAD8,423,1,460,471,481,470,1472,1488,1489,1469
CQUAD8,424,1,461,472,482,471,1474,1490,1491,1471
CQUAD8,425,1,462,473,483,472,618,1492,1493,1473
CQUAD8,426,1,464,475,485,474,1477,1494,660,1475
CQUAD8,427,1,465,476,486,475,1479,1495,1496,1476
CQUAD8,428,1,466,477,487,476,1481,1497,1498,1478
CQUAD8,429,1,467,478,488,477,1483,1499,1500,1480
CQUAD8,430,1,468,479,489,478,1485,1501,1502,1482
CQUAD8,431,1,469,480,490,479,1487,1503,1504,1484
CQUAD8,432,1,470,481,491,480,1489,1505,1506,1486
CQUAD8,433,1,471,482,492,481,1491,1507,1508,1488
CQUAD8,434,1,472,483,493,482,1493,1509,1510,1490
CQUAD8,435,1,473,484,494,483,619,1511,1512,1492
CQUAD8,436,1,475,486,496,485,1496,1513,661,1494
CQUAD8,437,1,476,487,497,486,1498,1514,1515,1495
CQUAD8,438,1,477,488,498,487,1500,1516,1517,1497
CQUAD8,439,1,478,489,499,488,1502,1518,1519,1499
CQUAD8,440,1,479,490,500,489,1504,1520,1521,1501
CQUAD8,441,1,480,491,501,490,1506,1522,1523,1503
CQUAD8,442,1,481,492,502,491,1508,1524,1525,1505
CQUAD8,443,1,482,493,503,492,1510,1526,1527,1507
CQUAD8,444,1,483,494,504,493,1512,1528,1529,1509
CQUAD8,445,1,484,495,505,494,620,1530,1531,1511
CQUAD8,446,1,486,497,507,496,1515,1532,662,1513
CQUAD8,447,1,487,498,508,497,1517,1533,1534,1514
CQUAD8,448,1,488,499,509,498,1519,1535,1536,1516
CQUAD8,449,1,489,500,510,499,1521,1537,1538,1518
CQUAD8,450,1,490,501,511,500,1523,1539,1540,1520
CQUAD8,451,1,491,502,512,501,1525,1541,1542,1522
CQUAD8,452,1,492,503,513,502,1527,1543,1544,1524
CQUAD8,453,1,493,504,514,503,1529,1545,1546,1526
CQUAD8,454,1,494,505,515,504,1531,1547,1548,1528
CQUAD8,455,1,495,506,516,505,621,672,1549,1530
CQUAD8,456,1,497,508,517,507,1534,1550,663,1532
CQUAD8,457,1,498,509,518,508,1536,1551,1552,1533
CQUAD8,458,1,499,510,519,509,1538,1553,1554,1535
CQUAD8,459,1,500,511,520,510,1540,1555,1556,1537
CQUAD8,460,1,501,512,521,511,1542,1557,1558,1539
CQUAD8,461,1,502,513,522,512,1544,1559,1560,1541
CQUAD8,462,1,503,514,523,513,1546,1561,1562,1543
CQUAD8,463,1,504,515,524,514,1548,1563,1564,1545
CQUAD8,464,1,505,516,525,515,1549,673,1565,1547
CQUAD8,465,1,508,518,526,517,1552,1566,664,1550
CQUAD8,466,1,509,519,527,518,1554,1567,1568,1551
CQUAD8,467,1,510,520,528,519,1556,1569,1570,1553
CQUAD8,468,1,511,521,529,520,1558,1571,1572,1555
CQUAD8,469,1,512,522,530,521,1560,1573,1574,1557
CQUAD8,470,1,513,523,531,522,1562,1575,1576,1559
CQUAD8,471,1,514,524,532,523,1564,1577,1578,1561
CQUAD8,472,1,515,525,533,524,1565,674,1579,1563
CQUAD8,473,1,518,527,534,526,1568,1580,665,1566
CQUAD8,474,1,519,528,535,527,1570,1581,1582,1567
CQUAD8,475,1,520,529,536,528,1572,1583,1584,1569
CQUAD8,476,1,521,530,537,529,1574,1585,1586,1571
CQUAD8,477,1,522,531,538,530,1576,1587,1588,1573
CQUAD8,478,1,523,532,539,531,1578,1589,1590,1575
CQUAD8,479,1,524,533,540,532,1579,675,1591,1577
CQUAD8,480,1,527,535,541,534,1582,1592,666,1580
CQUAD8,481,1,528,536,542,535,1584,1593,1594,1581
CQUAD8,482,1,529,537,543,536,1586,1595,1596,1583
CQUAD8,483,1,530,538,544,537,1588,1597,1598,1585
CQUAD8,484,1,531,539,545,538,1590,1599,1600,1587
CQUAD8,485,1,532,540,546,539,1591,676,1601,1589
CQUAD8,486,1,535,542,547,541,1594,1602,667,1592
CQUAD8,487,1,536,543,548,542,1596,1603,1604,1593
CQUAD8,488,1,537,544,549,543,1598,1605,1606,1595
CQUAD8,489,1,538,545,550,544,1600,1607,1608,1597
CQUAD8,490,1,539,546,551,545,1601,677,1609,1599
CQUAD8,491,1,542,548,552,547,1604,1610,668,1602
CQUAD8,492,1,543,549,553,548,1606,1611,1612,1603
CQUAD8,493,1,544,550,554,549,1608,1613,1614,1605
CQUAD8,494,1,545,551,555,550,1609,678,1615,1607
CQUAD8,495,1,548,553,556,552,1612,1616,669,1610
CQUAD8,496,1,549,554,557,553,1614,1617,1618,1611
CQUAD8,497,1,550,555,558,554,1615,679,1619,1613
CQUAD8,498,1,553,557,559,556,1618,1620,670,1616
CQUAD8,499,1,554,558,560,557,1619,680,1621,1617
CQUAD8,500,1,557,560,561,559,1621,681,671,1620
$ Property data section
PSHELL,1
ENDDATA
