$ Generated by COMSOL 6.0.0.318
$ Aug 9 2023, 21:49
BEGIN BULK
$ Grid data section
GRID,1,,0.00000,-0.000500000,0.00000
GRID,2,,0.00000,-0.000300000,0.00000
GRID,3,,0.000200000,-0.000500000,0.00000
GRID,4,,0.00000,-0.000100000,0.00000
GRID,5,,0.000200000,-0.000300000,0.00000
GRID,6,,0.000400000,-0.000500000,0.00000
GRID,7,,0.00000,0.000100000,0.00000
GRID,8,,0.000200000,-0.000100000,0.00000
GRID,9,,0.000400000,-0.000300000,0.00000
GRID,10,,0.000600000,-0.000500000,0.00000
GRID,11,,0.00000,0.000300000,0.00000
GRID,12,,0.000200000,0.000100000,0.00000
GRID,13,,0.000400000,-0.000100000,0.00000
GRID,14,,0.000600000,-0.000300000,0.00000
GRID,15,,0.000800000,-0.000500000,0.00000
GRID,16,,0.00000,0.000500000,0.00000
GRID,17,,0.000200000,0.000300000,0.00000
GRID,18,,0.000400000,0.000100000,0.00000
GRID,19,,0.000600000,-0.000100000,0.00000
GRID,20,,0.000800000,-0.000300000,0.00000
GRID,21,,0.00100000,-0.000500000,0.00000
GRID,22,,0.000200000,0.000500000,0.00000
GRID,23,,0.000400000,0.000300000,0.00000
GRID,24,,0.000600000,0.000100000,0.00000
GRID,25,,0.000800000,-0.000100000,0.00000
GRID,26,,0.00100000,-0.000300000,0.00000
GRID,27,,0.00120000,-0.000500000,0.00000
GRID,28,,0.000400000,0.000500000,0.00000
GRID,29,,0.000600000,0.000300000,0.00000
GRID,30,,0.000800000,0.000100000,0.00000
GRID,31,,0.00100000,-0.000100000,0.00000
GRID,32,,0.00120000,-0.000300000,0.00000
GRID,33,,0.00140000,-0.000500000,0.00000
GRID,34,,0.000600000,0.000500000,0.00000
GRID,35,,0.000800000,0.000300000,0.00000
GRID,36,,0.00100000,0.000100000,0.00000
GRID,37,,0.00120000,-0.000100000,0.00000
GRID,38,,0.00140000,-0.000300000,0.00000
GRID,39,,0.00160000,-0.000500000,0.00000
GRID,40,,0.000800000,0.000500000,0.00000
GRID,41,,0.00100000,0.000300000,0.00000
GRID,42,,0.00120000,0.000100000,0.00000
GRID,43,,0.00140000,-0.000100000,0.00000
GRID,44,,0.00160000,-0.000300000,0.00000
GRID,45,,0.00180000,-0.000500000,0.00000
GRID,46,,0.00100000,0.000500000,0.00000
GRID,47,,0.00120000,0.000300000,0.00000
GRID,48,,0.00140000,0.000100000,0.00000
GRID,49,,0.00160000,-0.000100000,0.00000
GRID,50,,0.00180000,-0.000300000,0.00000
GRID,51,,0.00200000,-0.000500000,0.00000
GRID,52,,0.00120000,0.000500000,0.00000
GRID,53,,0.00140000,0.000300000,0.00000
GRID,54,,0.00160000,0.000100000,0.00000
GRID,55,,0.00180000,-0.000100000,0.00000
GRID,56,,0.00200000,-0.000300000,0.00000
GRID,57,,0.00220000,-0.000500000,0.00000
GRID,58,,0.00140000,0.000500000,0.00000
GRID,59,,0.00160000,0.000300000,0.00000
GRID,60,,0.00180000,0.000100000,0.00000
GRID,61,,0.00200000,-0.000100000,0.00000
GRID,62,,0.00220000,-0.000300000,0.00000
GRID,63,,0.00240000,-0.000500000,0.00000
GRID,64,,0.00160000,0.000500000,0.00000
GRID,65,,0.00180000,0.000300000,0.00000
GRID,66,,0.00200000,0.000100000,0.00000
GRID,67,,0.00220000,-0.000100000,0.00000
GRID,68,,0.00240000,-0.000300000,0.00000
GRID,69,,0.00260000,-0.000500000,0.00000
GRID,70,,0.00180000,0.000500000,0.00000
GRID,71,,0.00200000,0.000300000,0.00000
GRID,72,,0.00220000,0.000100000,0.00000
GRID,73,,0.00240000,-0.000100000,0.00000
GRID,74,,0.00260000,-0.000300000,0.00000
GRID,75,,0.00280000,-0.000500000,0.00000
GRID,76,,0.00200000,0.000500000,0.00000
GRID,77,,0.00220000,0.000300000,0.00000
GRID,78,,0.00240000,0.000100000,0.00000
GRID,79,,0.00260000,-0.000100000,0.00000
GRID,80,,0.00280000,-0.000300000,0.00000
GRID,81,,0.00300000,-0.000500000,0.00000
GRID,82,,0.00220000,0.000500000,0.00000
GRID,83,,0.00240000,0.000300000,0.00000
GRID,84,,0.00260000,0.000100000,0.00000
GRID,85,,0.00280000,-0.000100000,0.00000
GRID,86,,0.00300000,-0.000300000,0.00000
GRID,87,,0.00320000,-0.000500000,0.00000
GRID,88,,0.00240000,0.000500000,0.00000
GRID,89,,0.00260000,0.000300000,0.00000
GRID,90,,0.00280000,0.000100000,0.00000
GRID,91,,0.00300000,-0.000100000,0.00000
GRID,92,,0.00320000,-0.000300000,0.00000
GRID,93,,0.00340000,-0.000500000,0.00000
GRID,94,,0.00260000,0.000500000,0.00000
GRID,95,,0.00280000,0.000300000,0.00000
GRID,96,,0.00300000,0.000100000,0.00000
GRID,97,,0.00320000,-0.000100000,0.00000
GRID,98,,0.00340000,-0.000300000,0.00000
GRID,99,,0.00360000,-0.000500000,0.00000
GRID,100,,0.00280000,0.000500000,0.00000
GRID,101,,0.00300000,0.000300000,0.00000
GRID,102,,0.00320000,0.000100000,0.00000
GRID,103,,0.00340000,-0.000100000,0.00000
GRID,104,,0.00360000,-0.000300000,0.00000
GRID,105,,0.00380000,-0.000500000,0.00000
GRID,106,,0.00300000,0.000500000,0.00000
GRID,107,,0.00320000,0.000300000,0.00000
GRID,108,,0.00340000,0.000100000,0.00000
GRID,109,,0.00360000,-0.000100000,0.00000
GRID,110,,0.00380000,-0.000300000,0.00000
GRID,111,,0.00400000,-0.000500000,0.00000
GRID,112,,0.00320000,0.000500000,0.00000
GRID,113,,0.00340000,0.000300000,0.00000
GRID,114,,0.00360000,0.000100000,0.00000
GRID,115,,0.00380000,-0.000100000,0.00000
GRID,116,,0.00400000,-0.000300000,0.00000
GRID,117,,0.00420000,-0.000500000,0.00000
GRID,118,,0.00340000,0.000500000,0.00000
GRID,119,,0.00360000,0.000300000,0.00000
GRID,120,,0.00380000,0.000100000,0.00000
GRID,121,,0.00400000,-0.000100000,0.00000
GRID,122,,0.00420000,-0.000300000,0.00000
GRID,123,,0.00440000,-0.000500000,0.00000
GRID,124,,0.00360000,0.000500000,0.00000
GRID,125,,0.00380000,0.000300000,0.00000
GRID,126,,0.00400000,0.000100000,0.00000
GRID,127,,0.00420000,-0.000100000,0.00000
GRID,128,,0.00440000,-0.000300000,0.00000
GRID,129,,0.00460000,-0.000500000,0.00000
GRID,130,,0.00380000,0.000500000,0.00000
GRID,131,,0.00400000,0.000300000,0.00000
GRID,132,,0.00420000,0.000100000,0.00000
GRID,133,,0.00440000,-0.000100000,0.00000
GRID,134,,0.00460000,-0.000300000,0.00000
GRID,135,,0.00480000,-0.000500000,0.00000
GRID,136,,0.00400000,0.000500000,0.00000
GRID,137,,0.00420000,0.000300000,0.00000
GRID,138,,0.00440000,0.000100000,0.00000
GRID,139,,0.00460000,-0.000100000,0.00000
GRID,140,,0.00480000,-0.000300000,0.00000
GRID,141,,0.00500000,-0.000500000,0.00000
GRID,142,,0.00420000,0.000500000,0.00000
GRID,143,,0.00440000,0.000300000,0.00000
GRID,144,,0.00460000,0.000100000,0.00000
GRID,145,,0.00480000,-0.000100000,0.00000
GRID,146,,0.00500000,-0.000300000,0.00000
GRID,147,,0.00520000,-0.000500000,0.00000
GRID,148,,0.00440000,0.000500000,0.00000
GRID,149,,0.00460000,0.000300000,0.00000
GRID,150,,0.00480000,0.000100000,0.00000
GRID,151,,0.00500000,-0.000100000,0.00000
GRID,152,,0.00520000,-0.000300000,0.00000
GRID,153,,0.00540000,-0.000500000,0.00000
GRID,154,,0.00460000,0.000500000,0.00000
GRID,155,,0.00480000,0.000300000,0.00000
GRID,156,,0.00500000,0.000100000,0.00000
GRID,157,,0.00520000,-0.000100000,0.00000
GRID,158,,0.00540000,-0.000300000,0.00000
GRID,159,,0.00560000,-0.000500000,0.00000
GRID,160,,0.00480000,0.000500000,0.00000
GRID,161,,0.00500000,0.000300000,0.00000
GRID,162,,0.00520000,0.000100000,0.00000
GRID,163,,0.00540000,-0.000100000,0.00000
GRID,164,,0.00560000,-0.000300000,0.00000
GRID,165,,0.00580000,-0.000500000,0.00000
GRID,166,,0.00500000,0.000500000,0.00000
GRID,167,,0.00520000,0.000300000,0.00000
GRID,168,,0.00540000,0.000100000,0.00000
GRID,169,,0.00560000,-0.000100000,0.00000
GRID,170,,0.00580000,-0.000300000,0.00000
GRID,171,,0.00600000,-0.000500000,0.00000
GRID,172,,0.00520000,0.000500000,0.00000
GRID,173,,0.00540000,0.000300000,0.00000
GRID,174,,0.00560000,0.000100000,0.00000
GRID,175,,0.00580000,-0.000100000,0.00000
GRID,176,,0.00600000,-0.000300000,0.00000
GRID,177,,0.00620000,-0.000500000,0.00000
GRID,178,,0.00540000,0.000500000,0.00000
GRID,179,,0.00560000,0.000300000,0.00000
GRID,180,,0.00580000,0.000100000,0.00000
GRID,181,,0.00600000,-0.000100000,0.00000
GRID,182,,0.00620000,-0.000300000,0.00000
GRID,183,,0.00640000,-0.000500000,0.00000
GRID,184,,0.00560000,0.000500000,0.00000
GRID,185,,0.00580000,0.000300000,0.00000
GRID,186,,0.00600000,0.000100000,0.00000
GRID,187,,0.00620000,-0.000100000,0.00000
GRID,188,,0.00640000,-0.000300000,0.00000
GRID,189,,0.00660000,-0.000500000,0.00000
GRID,190,,0.00580000,0.000500000,0.00000
GRID,191,,0.00600000,0.000300000,0.00000
GRID,192,,0.00620000,0.000100000,0.00000
GRID,193,,0.00640000,-0.000100000,0.00000
GRID,194,,0.00660000,-0.000300000,0.00000
GRID,195,,0.00680000,-0.000500000,0.00000
GRID,196,,0.00600000,0.000500000,0.00000
GRID,197,,0.00620000,0.000300000,0.00000
GRID,198,,0.00640000,0.000100000,0.00000
GRID,199,,0.00660000,-0.000100000,0.00000
GRID,200,,0.00680000,-0.000300000,0.00000
GRID,201,,0.00700000,-0.000500000,0.00000
GRID,202,,0.00620000,0.000500000,0.00000
GRID,203,,0.00640000,0.000300000,0.00000
GRID,204,,0.00660000,0.000100000,0.00000
GRID,205,,0.00680000,-0.000100000,0.00000
GRID,206,,0.00700000,-0.000300000,0.00000
GRID,207,,0.00720000,-0.000500000,0.00000
GRID,208,,0.00640000,0.000500000,0.00000
GRID,209,,0.00660000,0.000300000,0.00000
GRID,210,,0.00680000,0.000100000,0.00000
GRID,211,,0.00700000,-0.000100000,0.00000
GRID,212,,0.00720000,-0.000300000,0.00000
GRID,213,,0.00740000,-0.000500000,0.00000
GRID,214,,0.00660000,0.000500000,0.00000
GRID,215,,0.00680000,0.000300000,0.00000
GRID,216,,0.00700000,0.000100000,0.00000
GRID,217,,0.00720000,-0.000100000,0.00000
GRID,218,,0.00740000,-0.000300000,0.00000
GRID,219,,0.00760000,-0.000500000,0.00000
GRID,220,,0.00680000,0.000500000,0.00000
GRID,221,,0.00700000,0.000300000,0.00000
GRID,222,,0.00720000,0.000100000,0.00000
GRID,223,,0.00740000,-0.000100000,0.00000
GRID,224,,0.00760000,-0.000300000,0.00000
GRID,225,,0.00780000,-0.000500000,0.00000
GRID,226,,0.00700000,0.000500000,0.00000
GRID,227,,0.00720000,0.000300000,0.00000
GRID,228,,0.00740000,0.000100000,0.00000
GRID,229,,0.00760000,-0.000100000,0.00000
GRID,230,,0.00780000,-0.000300000,0.00000
GRID,231,,0.00800000,-0.000500000,0.00000
GRID,232,,0.00720000,0.000500000,0.00000
GRID,233,,0.00740000,0.000300000,0.00000
GRID,234,,0.00760000,0.000100000,0.00000
GRID,235,,0.00780000,-0.000100000,0.00000
GRID,236,,0.00800000,-0.000300000,0.00000
GRID,237,,0.00820000,-0.000500000,0.00000
GRID,238,,0.00740000,0.000500000,0.00000
GRID,239,,0.00760000,0.000300000,0.00000
GRID,240,,0.00780000,0.000100000,0.00000
GRID,241,,0.00800000,-0.000100000,0.00000
GRID,242,,0.00820000,-0.000300000,0.00000
GRID,243,,0.00840000,-0.000500000,0.00000
GRID,244,,0.00760000,0.000500000,0.00000
GRID,245,,0.00780000,0.000300000,0.00000
GRID,246,,0.00800000,0.000100000,0.00000
GRID,247,,0.00820000,-0.000100000,0.00000
GRID,248,,0.00840000,-0.000300000,0.00000
GRID,249,,0.00860000,-0.000500000,0.00000
GRID,250,,0.00780000,0.000500000,0.00000
GRID,251,,0.00800000,0.000300000,0.00000
GRID,252,,0.00820000,0.000100000,0.00000
GRID,253,,0.00840000,-0.000100000,0.00000
GRID,254,,0.00860000,-0.000300000,0.00000
GRID,255,,0.00880000,-0.000500000,0.00000
GRID,256,,0.00800000,0.000500000,0.00000
GRID,257,,0.00820000,0.000300000,0.00000
GRID,258,,0.00840000,0.000100000,0.00000
GRID,259,,0.00860000,-0.000100000,0.00000
GRID,260,,0.00880000,-0.000300000,0.00000
GRID,261,,0.00900000,-0.000500000,0.00000
GRID,262,,0.00820000,0.000500000,0.00000
GRID,263,,0.00840000,0.000300000,0.00000
GRID,264,,0.00860000,0.000100000,0.00000
GRID,265,,0.00880000,-0.000100000,0.00000
GRID,266,,0.00900000,-0.000300000,0.00000
GRID,267,,0.00920000,-0.000500000,0.00000
GRID,268,,0.00840000,0.000500000,0.00000
GRID,269,,0.00860000,0.000300000,0.00000
GRID,270,,0.00880000,0.000100000,0.00000
GRID,271,,0.00900000,-0.000100000,0.00000
GRID,272,,0.00920000,-0.000300000,0.00000
GRID,273,,0.00940000,-0.000500000,0.00000
GRID,274,,0.00860000,0.000500000,0.00000
GRID,275,,0.00880000,0.000300000,0.00000
GRID,276,,0.00900000,0.000100000,0.00000
GRID,277,,0.00920000,-0.000100000,0.00000
GRID,278,,0.00940000,-0.000300000,0.00000
GRID,279,,0.00960000,-0.000500000,0.00000
GRID,280,,0.00880000,0.000500000,0.00000
GRID,281,,0.00900000,0.000300000,0.00000
GRID,282,,0.00920000,0.000100000,0.00000
GRID,283,,0.00940000,-0.000100000,0.00000
GRID,284,,0.00960000,-0.000300000,0.00000
GRID,285,,0.00980000,-0.000500000,0.00000
GRID,286,,0.00900000,0.000500000,0.00000
GRID,287,,0.00920000,0.000300000,0.00000
GRID,288,,0.00940000,0.000100000,0.00000
GRID,289,,0.00960000,-0.000100000,0.00000
GRID,290,,0.00980000,-0.000300000,0.00000
GRID,291,,0.0100000,-0.000500000,0.00000
GRID,292,,0.00920000,0.000500000,0.00000
GRID,293,,0.00940000,0.000300000,0.00000
GRID,294,,0.00960000,0.000100000,0.00000
GRID,295,,0.00980000,-0.000100000,0.00000
GRID,296,,0.0100000,-0.000300000,0.00000
GRID,297,,0.0102000,-0.000500000,0.00000
GRID,298,,0.00940000,0.000500000,0.00000
GRID,299,,0.00960000,0.000300000,0.00000
GRID,300,,0.00980000,0.000100000,0.00000
GRID,301,,0.0100000,-0.000100000,0.00000
GRID,302,,0.0102000,-0.000300000,0.00000
GRID,303,,0.0104000,-0.000500000,0.00000
GRID,304,,0.00960000,0.000500000,0.00000
GRID,305,,0.00980000,0.000300000,0.00000
GRID,306,,0.0100000,0.000100000,0.00000
GRID,307,,0.0102000,-0.000100000,0.00000
GRID,308,,0.0104000,-0.000300000,0.00000
GRID,309,,0.0106000,-0.000500000,0.00000
GRID,310,,0.00980000,0.000500000,0.00000
GRID,311,,0.0100000,0.000300000,0.00000
GRID,312,,0.0102000,0.000100000,0.00000
GRID,313,,0.0104000,-0.000100000,0.00000
GRID,314,,0.0106000,-0.000300000,0.00000
GRID,315,,0.0108000,-0.000500000,0.00000
GRID,316,,0.0100000,0.000500000,0.00000
GRID,317,,0.0102000,0.000300000,0.00000
GRID,318,,0.0104000,0.000100000,0.00000
GRID,319,,0.0106000,-0.000100000,0.00000
GRID,320,,0.0108000,-0.000300000,0.00000
GRID,321,,0.0110000,-0.000500000,0.00000
GRID,322,,0.0102000,0.000500000,0.00000
GRID,323,,0.0104000,0.000300000,0.00000
GRID,324,,0.0106000,0.000100000,0.00000
GRID,325,,0.0108000,-0.000100000,0.00000
GRID,326,,0.0110000,-0.000300000,0.00000
GRID,327,,0.0112000,-0.000500000,0.00000
GRID,328,,0.0104000,0.000500000,0.00000
GRID,329,,0.0106000,0.000300000,0.00000
GRID,330,,0.0108000,0.000100000,0.00000
GRID,331,,0.0110000,-0.000100000,0.00000
GRID,332,,0.0112000,-0.000300000,0.00000
GRID,333,,0.0114000,-0.000500000,0.00000
GRID,334,,0.0106000,0.000500000,0.00000
GRID,335,,0.0108000,0.000300000,0.00000
GRID,336,,0.0110000,0.000100000,0.00000
GRID,337,,0.0112000,-0.000100000,0.00000
GRID,338,,0.0114000,-0.000300000,0.00000
GRID,339,,0.0116000,-0.000500000,0.00000
GRID,340,,0.0108000,0.000500000,0.00000
GRID,341,,0.0110000,0.000300000,0.00000
GRID,342,,0.0112000,0.000100000,0.00000
GRID,343,,0.0114000,-0.000100000,0.00000
GRID,344,,0.0116000,-0.000300000,0.00000
GRID,345,,0.0118000,-0.000500000,0.00000
GRID,346,,0.0110000,0.000500000,0.00000
GRID,347,,0.0112000,0.000300000,0.00000
GRID,348,,0.0114000,0.000100000,0.00000
GRID,349,,0.0116000,-0.000100000,0.00000
GRID,350,,0.0118000,-0.000300000,0.00000
GRID,351,,0.0120000,-0.000500000,0.00000
GRID,352,,0.0112000,0.000500000,0.00000
GRID,353,,0.0114000,0.000300000,0.00000
GRID,354,,0.0116000,0.000100000,0.00000
GRID,355,,0.0118000,-0.000100000,0.00000
GRID,356,,0.0120000,-0.000300000,0.00000
GRID,357,,0.0122000,-0.000500000,0.00000
GRID,358,,0.0114000,0.000500000,0.00000
GRID,359,,0.0116000,0.000300000,0.00000
GRID,360,,0.0118000,0.000100000,0.00000
GRID,361,,0.0120000,-0.000100000,0.00000
GRID,362,,0.0122000,-0.000300000,0.00000
GRID,363,,0.0124000,-0.000500000,0.00000
GRID,364,,0.0116000,0.000500000,0.00000
GRID,365,,0.0118000,0.000300000,0.00000
GRID,366,,0.0120000,0.000100000,0.00000
GRID,367,,0.0122000,-0.000100000,0.00000
GRID,368,,0.0124000,-0.000300000,0.00000
GRID,369,,0.0126000,-0.000500000,0.00000
GRID,370,,0.0118000,0.000500000,0.00000
GRID,371,,0.0120000,0.000300000,0.00000
GRID,372,,0.0122000,0.000100000,0.00000
GRID,373,,0.0124000,-0.000100000,0.00000
GRID,374,,0.0126000,-0.000300000,0.00000
GRID,375,,0.0128000,-0.000500000,0.00000
GRID,376,,0.0120000,0.000500000,0.00000
GRID,377,,0.0122000,0.000300000,0.00000
GRID,378,,0.0124000,0.000100000,0.00000
GRID,379,,0.0126000,-0.000100000,0.00000
GRID,380,,0.0128000,-0.000300000,0.00000
GRID,381,,0.0130000,-0.000500000,0.00000
GRID,382,,0.0122000,0.000500000,0.00000
GRID,383,,0.0124000,0.000300000,0.00000
GRID,384,,0.0126000,0.000100000,0.00000
GRID,385,,0.0128000,-0.000100000,0.00000
GRID,386,,0.0130000,-0.000300000,0.00000
GRID,387,,0.0132000,-0.000500000,0.00000
GRID,388,,0.0124000,0.000500000,0.00000
GRID,389,,0.0126000,0.000300000,0.00000
GRID,390,,0.0128000,0.000100000,0.00000
GRID,391,,0.0130000,-0.000100000,0.00000
GRID,392,,0.0132000,-0.000300000,0.00000
GRID,393,,0.0134000,-0.000500000,0.00000
GRID,394,,0.0126000,0.000500000,0.00000
GRID,395,,0.0128000,0.000300000,0.00000
GRID,396,,0.0130000,0.000100000,0.00000
GRID,397,,0.0132000,-0.000100000,0.00000
GRID,398,,0.0134000,-0.000300000,0.00000
GRID,399,,0.0136000,-0.000500000,0.00000
GRID,400,,0.0128000,0.000500000,0.00000
GRID,401,,0.0130000,0.000300000,0.00000
GRID,402,,0.0132000,0.000100000,0.00000
GRID,403,,0.0134000,-0.000100000,0.00000
GRID,404,,0.0136000,-0.000300000,0.00000
GRID,405,,0.0138000,-0.000500000,0.00000
GRID,406,,0.0130000,0.000500000,0.00000
GRID,407,,0.0132000,0.000300000,0.00000
GRID,408,,0.0134000,0.000100000,0.00000
GRID,409,,0.0136000,-0.000100000,0.00000
GRID,410,,0.0138000,-0.000300000,0.00000
GRID,411,,0.0140000,-0.000500000,0.00000
GRID,412,,0.0132000,0.000500000,0.00000
GRID,413,,0.0134000,0.000300000,0.00000
GRID,414,,0.0136000,0.000100000,0.00000
GRID,415,,0.0138000,-0.000100000,0.00000
GRID,416,,0.0140000,-0.000300000,0.00000
GRID,417,,0.0142000,-0.000500000,0.00000
GRID,418,,0.0134000,0.000500000,0.00000
GRID,419,,0.0136000,0.000300000,0.00000
GRID,420,,0.0138000,0.000100000,0.00000
GRID,421,,0.0140000,-0.000100000,0.00000
GRID,422,,0.0142000,-0.000300000,0.00000
GRID,423,,0.0144000,-0.000500000,0.00000
GRID,424,,0.0136000,0.000500000,0.00000
GRID,425,,0.0138000,0.000300000,0.00000
GRID,426,,0.0140000,0.000100000,0.00000
GRID,427,,0.0142000,-0.000100000,0.00000
GRID,428,,0.0144000,-0.000300000,0.00000
GRID,429,,0.0146000,-0.000500000,0.00000
GRID,430,,0.0138000,0.000500000,0.00000
GRID,431,,0.0140000,0.000300000,0.00000
GRID,432,,0.0142000,0.000100000,0.00000
GRID,433,,0.0144000,-0.000100000,0.00000
GRID,434,,0.0146000,-0.000300000,0.00000
GRID,435,,0.0148000,-0.000500000,0.00000
GRID,436,,0.0140000,0.000500000,0.00000
GRID,437,,0.0142000,0.000300000,0.00000
GRID,438,,0.0144000,0.000100000,0.00000
GRID,439,,0.0146000,-0.000100000,0.00000
GRID,440,,0.0148000,-0.000300000,0.00000
GRID,441,,0.0150000,-0.000500000,0.00000
GRID,442,,0.0142000,0.000500000,0.00000
GRID,443,,0.0144000,0.000300000,0.00000
GRID,444,,0.0146000,0.000100000,0.00000
GRID,445,,0.0148000,-0.000100000,0.00000
GRID,446,,0.0150000,-0.000300000,0.00000
GRID,447,,0.0144000,0.000500000,0.00000
GRID,448,,0.0146000,0.000300000,0.00000
GRID,449,,0.0148000,0.000100000,0.00000
GRID,450,,0.0150000,-0.000100000,0.00000
GRID,451,,0.0146000,0.000500000,0.00000
GRID,452,,0.0148000,0.000300000,0.00000
GRID,453,,0.0150000,0.000100000,0.00000
GRID,454,,0.0148000,0.000500000,0.00000
GRID,455,,0.0150000,0.000300000,0.00000
GRID,456,,0.0150000,0.000500000,0.00000
GRID,457,,0.00000,-0.000400000,0.00000
GRID,458,,0.00000,-0.000200000,0.00000
GRID,459,,0.00000,-1.08420E-19,0.00000
GRID,460,,0.00000,0.000200000,0.00000
GRID,461,,0.00000,0.000400000,0.00000
GRID,462,,0.000100000,-0.000500000,0.00000
GRID,463,,0.000300000,-0.000500000,0.00000
GRID,464,,0.000500000,-0.000500000,0.00000
GRID,465,,0.000700000,-0.000500000,0.00000
GRID,466,,0.000900000,-0.000500000,0.00000
GRID,467,,0.00110000,-0.000500000,0.00000
GRID,468,,0.00130000,-0.000500000,0.00000
GRID,469,,0.00150000,-0.000500000,0.00000
GRID,470,,0.00170000,-0.000500000,0.00000
GRID,471,,0.00190000,-0.000500000,0.00000
GRID,472,,0.00210000,-0.000500000,0.00000
GRID,473,,0.00230000,-0.000500000,0.00000
GRID,474,,0.00250000,-0.000500000,0.00000
GRID,475,,0.00270000,-0.000500000,0.00000
GRID,476,,0.00290000,-0.000500000,0.00000
GRID,477,,0.00310000,-0.000500000,0.00000
GRID,478,,0.00330000,-0.000500000,0.00000
GRID,479,,0.00350000,-0.000500000,0.00000
GRID,480,,0.00370000,-0.000500000,0.00000
GRID,481,,0.00390000,-0.000500000,0.00000
GRID,482,,0.00410000,-0.000500000,0.00000
GRID,483,,0.00430000,-0.000500000,0.00000
GRID,484,,0.00450000,-0.000500000,0.00000
GRID,485,,0.00470000,-0.000500000,0.00000
GRID,486,,0.00490000,-0.000500000,0.00000
GRID,487,,0.00510000,-0.000500000,0.00000
GRID,488,,0.00530000,-0.000500000,0.00000
GRID,489,,0.00550000,-0.000500000,0.00000
GRID,490,,0.00570000,-0.000500000,0.00000
GRID,491,,0.00590000,-0.000500000,0.00000
GRID,492,,0.00610000,-0.000500000,0.00000
GRID,493,,0.00630000,-0.000500000,0.00000
GRID,494,,0.00650000,-0.000500000,0.00000
GRID,495,,0.00670000,-0.000500000,0.00000
GRID,496,,0.00690000,-0.000500000,0.00000
GRID,497,,0.00710000,-0.000500000,0.00000
GRID,498,,0.00730000,-0.000500000,0.00000
GRID,499,,0.00750000,-0.000500000,0.00000
GRID,500,,0.00770000,-0.000500000,0.00000
GRID,501,,0.00790000,-0.000500000,0.00000
GRID,502,,0.00810000,-0.000500000,0.00000
GRID,503,,0.00830000,-0.000500000,0.00000
GRID,504,,0.00850000,-0.000500000,0.00000
GRID,505,,0.00870000,-0.000500000,0.00000
GRID,506,,0.00890000,-0.000500000,0.00000
GRID,507,,0.00910000,-0.000500000,0.00000
GRID,508,,0.00930000,-0.000500000,0.00000
GRID,509,,0.00950000,-0.000500000,0.00000
GRID,510,,0.00970000,-0.000500000,0.00000
GRID,511,,0.00990000,-0.000500000,0.00000
GRID,512,,0.0101000,-0.000500000,0.00000
GRID,513,,0.0103000,-0.000500000,0.00000
GRID,514,,0.0105000,-0.000500000,0.00000
GRID,515,,0.0107000,-0.000500000,0.00000
GRID,516,,0.0109000,-0.000500000,0.00000
GRID,517,,0.0111000,-0.000500000,0.00000
GRID,518,,0.0113000,-0.000500000,0.00000
GRID,519,,0.0115000,-0.000500000,0.00000
GRID,520,,0.0117000,-0.000500000,0.00000
GRID,521,,0.0119000,-0.000500000,0.00000
GRID,522,,0.0121000,-0.000500000,0.00000
GRID,523,,0.0123000,-0.000500000,0.00000
GRID,524,,0.0125000,-0.000500000,0.00000
GRID,525,,0.0127000,-0.000500000,0.00000
GRID,526,,0.0129000,-0.000500000,0.00000
GRID,527,,0.0131000,-0.000500000,0.00000
GRID,528,,0.0133000,-0.000500000,0.00000
GRID,529,,0.0135000,-0.000500000,0.00000
GRID,530,,0.0137000,-0.000500000,0.00000
GRID,531,,0.0139000,-0.000500000,0.00000
GRID,532,,0.0141000,-0.000500000,0.00000
GRID,533,,0.0143000,-0.000500000,0.00000
GRID,534,,0.0145000,-0.000500000,0.00000
GRID,535,,0.0147000,-0.000500000,0.00000
GRID,536,,0.0149000,-0.000500000,0.00000
GRID,537,,0.000100000,0.000500000,0.00000
GRID,538,,0.000300000,0.000500000,0.00000
GRID,539,,0.000500000,0.000500000,0.00000
GRID,540,,0.000700000,0.000500000,0.00000
GRID,541,,0.000900000,0.000500000,0.00000
GRID,542,,0.00110000,0.000500000,0.00000
GRID,543,,0.00130000,0.000500000,0.00000
GRID,544,,0.00150000,0.000500000,0.00000
GRID,545,,0.00170000,0.000500000,0.00000
GRID,546,,0.00190000,0.000500000,0.00000
GRID,547,,0.00210000,0.000500000,0.00000
GRID,548,,0.00230000,0.000500000,0.00000
GRID,549,,0.00250000,0.000500000,0.00000
GRID,550,,0.00270000,0.000500000,0.00000
GRID,551,,0.00290000,0.000500000,0.00000
GRID,552,,0.00310000,0.000500000,0.00000
GRID,553,,0.00330000,0.000500000,0.00000
GRID,554,,0.00350000,0.000500000,0.00000
GRID,555,,0.00370000,0.000500000,0.00000
GRID,556,,0.00390000,0.000500000,0.00000
GRID,557,,0.00410000,0.000500000,0.00000
GRID,558,,0.00430000,0.000500000,0.00000
GRID,559,,0.00450000,0.000500000,0.00000
GRID,560,,0.00470000,0.000500000,0.00000
GRID,561,,0.00490000,0.000500000,0.00000
GRID,562,,0.00510000,0.000500000,0.00000
GRID,563,,0.00530000,0.000500000,0.00000
GRID,564,,0.00550000,0.000500000,0.00000
GRID,565,,0.00570000,0.000500000,0.00000
GRID,566,,0.00590000,0.000500000,0.00000
GRID,567,,0.00610000,0.000500000,0.00000
GRID,568,,0.00630000,0.000500000,0.00000
GRID,569,,0.00650000,0.000500000,0.00000
GRID,570,,0.00670000,0.000500000,0.00000
GRID,571,,0.00690000,0.000500000,0.00000
GRID,572,,0.00710000,0.000500000,0.00000
GRID,573,,0.00730000,0.000500000,0.00000
GRID,574,,0.00750000,0.000500000,0.00000
GRID,575,,0.00770000,0.000500000,0.00000
GRID,576,,0.00790000,0.000500000,0.00000
GRID,577,,0.00810000,0.000500000,0.00000
GRID,578,,0.00830000,0.000500000,0.00000
GRID,579,,0.00850000,0.000500000,0.00000
GRID,580,,0.00870000,0.000500000,0.00000
GRID,581,,0.00890000,0.000500000,0.00000
GRID,582,,0.00910000,0.000500000,0.00000
GRID,583,,0.00930000,0.000500000,0.00000
GRID,584,,0.00950000,0.000500000,0.00000
GRID,585,,0.00970000,0.000500000,0.00000
GRID,586,,0.00990000,0.000500000,0.00000
GRID,587,,0.0101000,0.000500000,0.00000
GRID,588,,0.0103000,0.000500000,0.00000
GRID,589,,0.0105000,0.000500000,0.00000
GRID,590,,0.0107000,0.000500000,0.00000
GRID,591,,0.0109000,0.000500000,0.00000
GRID,592,,0.0111000,0.000500000,0.00000
GRID,593,,0.0113000,0.000500000,0.00000
GRID,594,,0.0115000,0.000500000,0.00000
GRID,595,,0.0117000,0.000500000,0.00000
GRID,596,,0.0119000,0.000500000,0.00000
GRID,597,,0.0121000,0.000500000,0.00000
GRID,598,,0.0123000,0.000500000,0.00000
GRID,599,,0.0125000,0.000500000,0.00000
GRID,600,,0.0127000,0.000500000,0.00000
GRID,601,,0.0129000,0.000500000,0.00000
GRID,602,,0.0131000,0.000500000,0.00000
GRID,603,,0.0133000,0.000500000,0.00000
GRID,604,,0.0135000,0.000500000,0.00000
GRID,605,,0.0137000,0.000500000,0.00000
GRID,606,,0.0139000,0.000500000,0.00000
GRID,607,,0.0141000,0.000500000,0.00000
GRID,608,,0.0143000,0.000500000,0.00000
GRID,609,,0.0145000,0.000500000,0.00000
GRID,610,,0.0147000,0.000500000,0.00000
GRID,611,,0.0149000,0.000500000,0.00000
GRID,612,,0.0150000,-0.000400000,0.00000
GRID,613,,0.0150000,-0.000200000,0.00000
GRID,614,,0.0150000,1.08420E-19,0.00000
GRID,615,,0.0150000,0.000200000,0.00000
GRID,616,,0.0150000,0.000400000,0.00000
GRID,617,,0.000200000,-0.000400000,0.00000
GRID,618,,0.000100000,-0.000300000,0.00000
GRID,619,,0.000200000,-0.000200000,0.00000
GRID,620,,0.000100000,-0.000100000,0.00000
GRID,621,,0.000400000,-0.000400000,0.00000
GRID,622,,0.000300000,-0.000300000,0.00000
GRID,623,,0.000200000,-4.74338E-20,0.00000
GRID,624,,0.000100000,0.000100000,0.00000
GRID,625,,0.000400000,-0.000200000,0.00000
GRID,626,,0.000300000,-0.000100000,0.00000
GRID,627,,0.000600000,-0.000400000,0.00000
GRID,628,,0.000500000,-0.000300000,0.00000
GRID,629,,0.000200000,0.000200000,0.00000
GRID,630,,0.000100000,0.000300000,0.00000
GRID,631,,0.000400000,-8.80914E-20,0.00000
GRID,632,,0.000300000,0.000100000,0.00000
GRID,633,,0.000600000,-0.000200000,0.00000
GRID,634,,0.000500000,-0.000100000,0.00000
GRID,635,,0.000800000,-0.000400000,0.00000
GRID,636,,0.000700000,-0.000300000,0.00000
GRID,637,,0.000200000,0.000400000,0.00000
GRID,638,,0.000400000,0.000200000,0.00000
GRID,639,,0.000300000,0.000300000,0.00000
GRID,640,,0.000600000,-1.15196E-19,0.00000
GRID,641,,0.000500000,0.000100000,0.00000
GRID,642,,0.000800000,-0.000200000,0.00000
GRID,643,,0.000700000,-0.000100000,0.00000
GRID,644,,0.00100000,-0.000400000,0.00000
GRID,645,,0.000900000,-0.000300000,0.00000
GRID,646,,0.000400000,0.000400000,0.00000
GRID,647,,0.000600000,0.000200000,0.00000
GRID,648,,0.000500000,0.000300000,0.00000
GRID,649,,0.000800000,-8.80914E-20,0.00000
GRID,650,,0.000700000,0.000100000,0.00000
GRID,651,,0.00100000,-0.000200000,0.00000
GRID,652,,0.000900000,-0.000100000,0.00000
GRID,653,,0.00120000,-0.000400000,0.00000
GRID,654,,0.00110000,-0.000300000,0.00000
GRID,655,,0.000600000,0.000400000,0.00000
GRID,656,,0.000800000,0.000200000,0.00000
GRID,657,,0.000700000,0.000300000,0.00000
GRID,658,,0.00100000,-8.80914E-20,0.00000
GRID,659,,0.000900000,0.000100000,0.00000
GRID,660,,0.00120000,-0.000200000,0.00000
GRID,661,,0.00110000,-0.000100000,0.00000
GRID,662,,0.00140000,-0.000400000,0.00000
GRID,663,,0.00130000,-0.000300000,0.00000
GRID,664,,0.000800000,0.000400000,0.00000
GRID,665,,0.00100000,0.000200000,0.00000
GRID,666,,0.000900000,0.000300000,0.00000
GRID,667,,0.00120000,-7.45389E-20,0.00000
GRID,668,,0.00110000,0.000100000,0.00000
GRID,669,,0.00140000,-0.000200000,0.00000
GRID,670,,0.00130000,-0.000100000,0.00000
GRID,671,,0.00160000,-0.000400000,0.00000
GRID,672,,0.00150000,-0.000300000,0.00000
GRID,673,,0.00100000,0.000400000,0.00000
GRID,674,,0.00120000,0.000200000,0.00000
GRID,675,,0.00110000,0.000300000,0.00000
GRID,676,,0.00140000,-8.80914E-20,0.00000
GRID,677,,0.00130000,0.000100000,0.00000
GRID,678,,0.00160000,-0.000200000,0.00000
GRID,679,,0.00150000,-0.000100000,0.00000
GRID,680,,0.00180000,-0.000400000,0.00000
GRID,681,,0.00170000,-0.000300000,0.00000
GRID,682,,0.00120000,0.000400000,0.00000
GRID,683,,0.00140000,0.000200000,0.00000
GRID,684,,0.00130000,0.000300000,0.00000
GRID,685,,0.00160000,-6.77626E-20,0.00000
GRID,686,,0.00150000,0.000100000,0.00000
GRID,687,,0.00180000,-0.000200000,0.00000
GRID,688,,0.00170000,-0.000100000,0.00000
GRID,689,,0.00200000,-0.000400000,0.00000
GRID,690,,0.00190000,-0.000300000,0.00000
GRID,691,,0.00140000,0.000400000,0.00000
GRID,692,,0.00160000,0.000200000,0.00000
GRID,693,,0.00150000,0.000300000,0.00000
GRID,694,,0.00180000,-6.09864E-20,0.00000
GRID,695,,0.00170000,0.000100000,0.00000
GRID,696,,0.00200000,-0.000200000,0.00000
GRID,697,,0.00190000,-0.000100000,0.00000
GRID,698,,0.00220000,-0.000400000,0.00000
GRID,699,,0.00210000,-0.000300000,0.00000
GRID,700,,0.00160000,0.000400000,0.00000
GRID,701,,0.00180000,0.000200000,0.00000
GRID,702,,0.00170000,0.000300000,0.00000
GRID,703,,0.00200000,-1.01644E-19,0.00000
GRID,704,,0.00190000,0.000100000,0.00000
GRID,705,,0.00220000,-0.000200000,0.00000
GRID,706,,0.00210000,-0.000100000,0.00000
GRID,707,,0.00240000,-0.000400000,0.00000
GRID,708,,0.00230000,-0.000300000,0.00000
GRID,709,,0.00180000,0.000400000,0.00000
GRID,710,,0.00200000,0.000200000,0.00000
GRID,711,,0.00190000,0.000300000,0.00000
GRID,712,,0.00220000,-1.42302E-19,0.00000
GRID,713,,0.00210000,0.000100000,0.00000
GRID,714,,0.00240000,-0.000200000,0.00000
GRID,715,,0.00230000,-0.000100000,0.00000
GRID,716,,0.00260000,-0.000400000,0.00000
GRID,717,,0.00250000,-0.000300000,0.00000
GRID,718,,0.00200000,0.000400000,0.00000
GRID,719,,0.00220000,0.000200000,0.00000
GRID,720,,0.00210000,0.000300000,0.00000
GRID,721,,0.00240000,-7.45389E-20,0.00000
GRID,722,,0.00230000,0.000100000,0.00000
GRID,723,,0.00260000,-0.000200000,0.00000
GRID,724,,0.00250000,-0.000100000,0.00000
GRID,725,,0.00280000,-0.000400000,0.00000
GRID,726,,0.00270000,-0.000300000,0.00000
GRID,727,,0.00220000,0.000400000,0.00000
GRID,728,,0.00240000,0.000200000,0.00000
GRID,729,,0.00230000,0.000300000,0.00000
GRID,730,,0.00260000,-1.01644E-19,0.00000
GRID,731,,0.00250000,0.000100000,0.00000
GRID,732,,0.00280000,-0.000200000,0.00000
GRID,733,,0.00270000,-0.000100000,0.00000
GRID,734,,0.00300000,-0.000400000,0.00000
GRID,735,,0.00290000,-0.000300000,0.00000
GRID,736,,0.00240000,0.000400000,0.00000
GRID,737,,0.00260000,0.000200000,0.00000
GRID,738,,0.00250000,0.000300000,0.00000
GRID,739,,0.00280000,-4.06576E-20,0.00000
GRID,740,,0.00270000,0.000100000,0.00000
GRID,741,,0.00300000,-0.000200000,0.00000
GRID,742,,0.00290000,-0.000100000,0.00000
GRID,743,,0.00320000,-0.000400000,0.00000
GRID,744,,0.00310000,-0.000300000,0.00000
GRID,745,,0.00260000,0.000400000,0.00000
GRID,746,,0.00280000,0.000200000,0.00000
GRID,747,,0.00270000,0.000300000,0.00000
GRID,748,,0.00300000,-8.80914E-20,0.00000
GRID,749,,0.00290000,0.000100000,0.00000
GRID,750,,0.00320000,-0.000200000,0.00000
GRID,751,,0.00310000,-0.000100000,0.00000
GRID,752,,0.00340000,-0.000400000,0.00000
GRID,753,,0.00330000,-0.000300000,0.00000
GRID,754,,0.00280000,0.000400000,0.00000
GRID,755,,0.00300000,0.000200000,0.00000
GRID,756,,0.00290000,0.000300000,0.00000
GRID,757,,0.00320000,-9.48677E-20,0.00000
GRID,758,,0.00310000,0.000100000,0.00000
GRID,759,,0.00340000,-0.000200000,0.00000
GRID,760,,0.00330000,-0.000100000,0.00000
GRID,761,,0.00360000,-0.000400000,0.00000
GRID,762,,0.00350000,-0.000300000,0.00000
GRID,763,,0.00300000,0.000400000,0.00000
GRID,764,,0.00320000,0.000200000,0.00000
GRID,765,,0.00310000,0.000300000,0.00000
GRID,766,,0.00340000,-7.45389E-20,0.00000
GRID,767,,0.00330000,0.000100000,0.00000
GRID,768,,0.00360000,-0.000200000,0.00000
GRID,769,,0.00350000,-0.000100000,0.00000
GRID,770,,0.00380000,-0.000400000,0.00000
GRID,771,,0.00370000,-0.000300000,0.00000
GRID,772,,0.00320000,0.000400000,0.00000
GRID,773,,0.00340000,0.000200000,0.00000
GRID,774,,0.00330000,0.000300000,0.00000
GRID,775,,0.00360000,-7.45389E-20,0.00000
GRID,776,,0.00350000,0.000100000,0.00000
GRID,777,,0.00380000,-0.000200000,0.00000
GRID,778,,0.00370000,-0.000100000,0.00000
GRID,779,,0.00400000,-0.000400000,0.00000
GRID,780,,0.00390000,-0.000300000,0.00000
GRID,781,,0.00340000,0.000400000,0.00000
GRID,782,,0.00360000,0.000200000,0.00000
GRID,783,,0.00350000,0.000300000,0.00000
GRID,784,,0.00380000,-4.06576E-20,0.00000
GRID,785,,0.00370000,0.000100000,0.00000
GRID,786,,0.00400000,-0.000200000,0.00000
GRID,787,,0.00390000,-0.000100000,0.00000
GRID,788,,0.00420000,-0.000400000,0.00000
GRID,789,,0.00410000,-0.000300000,0.00000
GRID,790,,0.00360000,0.000400000,0.00000
GRID,791,,0.00380000,0.000200000,0.00000
GRID,792,,0.00370000,0.000300000,0.00000
GRID,793,,0.00400000,-2.03288E-20,0.00000
GRID,794,,0.00390000,0.000100000,0.00000
GRID,795,,0.00420000,-0.000200000,0.00000
GRID,796,,0.00410000,-0.000100000,0.00000
GRID,797,,0.00440000,-0.000400000,0.00000
GRID,798,,0.00430000,-0.000300000,0.00000
GRID,799,,0.00380000,0.000400000,0.00000
GRID,800,,0.00400000,0.000200000,0.00000
GRID,801,,0.00390000,0.000300000,0.00000
GRID,802,,0.00420000,-6.77626E-20,0.00000
GRID,803,,0.00410000,0.000100000,0.00000
GRID,804,,0.00440000,-0.000200000,0.00000
GRID,805,,0.00430000,-0.000100000,0.00000
GRID,806,,0.00460000,-0.000400000,0.00000
GRID,807,,0.00450000,-0.000300000,0.00000
GRID,808,,0.00400000,0.000400000,0.00000
GRID,809,,0.00420000,0.000200000,0.00000
GRID,810,,0.00410000,0.000300000,0.00000
GRID,811,,0.00440000,-2.71051E-20,0.00000
GRID,812,,0.00430000,0.000100000,0.00000
GRID,813,,0.00460000,-0.000200000,0.00000
GRID,814,,0.00450000,-0.000100000,0.00000
GRID,815,,0.00480000,-0.000400000,0.00000
GRID,816,,0.00470000,-0.000300000,0.00000
GRID,817,,0.00420000,0.000400000,0.00000
GRID,818,,0.00440000,0.000200000,0.00000
GRID,819,,0.00430000,0.000300000,0.00000
GRID,820,,0.00460000,-5.42101E-20,0.00000
GRID,821,,0.00450000,0.000100000,0.00000
GRID,822,,0.00480000,-0.000200000,0.00000
GRID,823,,0.00470000,-0.000100000,0.00000
GRID,824,,0.00500000,-0.000400000,0.00000
GRID,825,,0.00490000,-0.000300000,0.00000
GRID,826,,0.00440000,0.000400000,0.00000
GRID,827,,0.00460000,0.000200000,0.00000
GRID,828,,0.00450000,0.000300000,0.00000
GRID,829,,0.00480000,-3.38813E-20,0.00000
GRID,830,,0.00470000,0.000100000,0.00000
GRID,831,,0.00500000,-0.000200000,0.00000
GRID,832,,0.00490000,-0.000100000,0.00000
GRID,833,,0.00520000,-0.000400000,0.00000
GRID,834,,0.00510000,-0.000300000,0.00000
GRID,835,,0.00460000,0.000400000,0.00000
GRID,836,,0.00480000,0.000200000,0.00000
GRID,837,,0.00470000,0.000300000,0.00000
GRID,838,,0.00500000,-3.38813E-20,0.00000
GRID,839,,0.00490000,0.000100000,0.00000
GRID,840,,0.00520000,-0.000200000,0.00000
GRID,841,,0.00510000,-0.000100000,0.00000
GRID,842,,0.00540000,-0.000400000,0.00000
GRID,843,,0.00530000,-0.000300000,0.00000
GRID,844,,0.00480000,0.000400000,0.00000
GRID,845,,0.00500000,0.000200000,0.00000
GRID,846,,0.00490000,0.000300000,0.00000
GRID,847,,0.00520000,-4.74338E-20,0.00000
GRID,848,,0.00510000,0.000100000,0.00000
GRID,849,,0.00540000,-0.000200000,0.00000
GRID,850,,0.00530000,-0.000100000,0.00000
GRID,851,,0.00560000,-0.000400000,0.00000
GRID,852,,0.00550000,-0.000300000,0.00000
GRID,853,,0.00500000,0.000400000,0.00000
GRID,854,,0.00520000,0.000200000,0.00000
GRID,855,,0.00510000,0.000300000,0.00000
GRID,856,,0.00540000,-4.74338E-20,0.00000
GRID,857,,0.00530000,0.000100000,0.00000
GRID,858,,0.00560000,-0.000200000,0.00000
GRID,859,,0.00550000,-0.000100000,0.00000
GRID,860,,0.00580000,-0.000400000,0.00000
GRID,861,,0.00570000,-0.000300000,0.00000
GRID,862,,0.00520000,0.000400000,0.00000
GRID,863,,0.00540000,0.000200000,0.00000
GRID,864,,0.00530000,0.000300000,0.00000
GRID,865,,0.00560000,-4.74338E-20,0.00000
GRID,866,,0.00550000,0.000100000,0.00000
GRID,867,,0.00580000,-0.000200000,0.00000
GRID,868,,0.00570000,-0.000100000,0.00000
GRID,869,,0.00600000,-0.000400000,0.00000
GRID,870,,0.00590000,-0.000300000,0.00000
GRID,871,,0.00540000,0.000400000,0.00000
GRID,872,,0.00560000,0.000200000,0.00000
GRID,873,,0.00550000,0.000300000,0.00000
GRID,874,,0.00580000,5.42101E-20,0.00000
GRID,875,,0.00570000,0.000100000,0.00000
GRID,876,,0.00600000,-0.000200000,0.00000
GRID,877,,0.00590000,-0.000100000,0.00000
GRID,878,,0.00620000,-0.000400000,0.00000
GRID,879,,0.00610000,-0.000300000,0.00000
GRID,880,,0.00560000,0.000400000,0.00000
GRID,881,,0.00580000,0.000200000,0.00000
GRID,882,,0.00570000,0.000300000,0.00000
GRID,883,,0.00600000,-4.06576E-20,0.00000
GRID,884,,0.00590000,0.000100000,0.00000
GRID,885,,0.00620000,-0.000200000,0.00000
GRID,886,,0.00610000,-0.000100000,0.00000
GRID,887,,0.00640000,-0.000400000,0.00000
GRID,888,,0.00630000,-0.000300000,0.00000
GRID,889,,0.00580000,0.000400000,0.00000
GRID,890,,0.00600000,0.000200000,0.00000
GRID,891,,0.00590000,0.000300000,0.00000
GRID,892,,0.00620000,-7.45389E-20,0.00000
GRID,893,,0.00610000,0.000100000,0.00000
GRID,894,,0.00640000,-0.000200000,0.00000
GRID,895,,0.00630000,-0.000100000,0.00000
GRID,896,,0.00660000,-0.000400000,0.00000
GRID,897,,0.00650000,-0.000300000,0.00000
GRID,898,,0.00600000,0.000400000,0.00000
GRID,899,,0.00620000,0.000200000,0.00000
GRID,900,,0.00610000,0.000300000,0.00000
GRID,901,,0.00640000,0.00000,0.00000
GRID,902,,0.00630000,0.000100000,0.00000
GRID,903,,0.00660000,-0.000200000,0.00000
GRID,904,,0.00650000,-0.000100000,0.00000
GRID,905,,0.00680000,-0.000400000,0.00000
GRID,906,,0.00670000,-0.000300000,0.00000
GRID,907,,0.00620000,0.000400000,0.00000
GRID,908,,0.00640000,0.000200000,0.00000
GRID,909,,0.00630000,0.000300000,0.00000
GRID,910,,0.00660000,-6.77626E-21,0.00000
GRID,911,,0.00650000,0.000100000,0.00000
GRID,912,,0.00680000,-0.000200000,0.00000
GRID,913,,0.00670000,-0.000100000,0.00000
GRID,914,,0.00700000,-0.000400000,0.00000
GRID,915,,0.00690000,-0.000300000,0.00000
GRID,916,,0.00640000,0.000400000,0.00000
GRID,917,,0.00660000,0.000200000,0.00000
GRID,918,,0.00650000,0.000300000,0.00000
GRID,919,,0.00680000,3.38813E-20,0.00000
GRID,920,,0.00670000,0.000100000,0.00000
GRID,921,,0.00700000,-0.000200000,0.00000
GRID,922,,0.00690000,-0.000100000,0.00000
GRID,923,,0.00720000,-0.000400000,0.00000
GRID,924,,0.00710000,-0.000300000,0.00000
GRID,925,,0.00660000,0.000400000,0.00000
GRID,926,,0.00680000,0.000200000,0.00000
GRID,927,,0.00670000,0.000300000,0.00000
GRID,928,,0.00700000,0.00000,0.00000
GRID,929,,0.00690000,0.000100000,0.00000
GRID,930,,0.00720000,-0.000200000,0.00000
GRID,931,,0.00710000,-0.000100000,0.00000
GRID,932,,0.00740000,-0.000400000,0.00000
GRID,933,,0.00730000,-0.000300000,0.00000
GRID,934,,0.00680000,0.000400000,0.00000
GRID,935,,0.00700000,0.000200000,0.00000
GRID,936,,0.00690000,0.000300000,0.00000
GRID,937,,0.00720000,-2.71051E-20,0.00000
GRID,938,,0.00710000,0.000100000,0.00000
GRID,939,,0.00740000,-0.000200000,0.00000
GRID,940,,0.00730000,-0.000100000,0.00000
GRID,941,,0.00760000,-0.000400000,0.00000
GRID,942,,0.00750000,-0.000300000,0.00000
GRID,943,,0.00700000,0.000400000,0.00000
GRID,944,,0.00720000,0.000200000,0.00000
GRID,945,,0.00710000,0.000300000,0.00000
GRID,946,,0.00740000,3.38813E-20,0.00000
GRID,947,,0.00730000,0.000100000,0.00000
GRID,948,,0.00760000,-0.000200000,0.00000
GRID,949,,0.00750000,-0.000100000,0.00000
GRID,950,,0.00780000,-0.000400000,0.00000
GRID,951,,0.00770000,-0.000300000,0.00000
GRID,952,,0.00720000,0.000400000,0.00000
GRID,953,,0.00740000,0.000200000,0.00000
GRID,954,,0.00730000,0.000300000,0.00000
GRID,955,,0.00760000,-6.77626E-21,0.00000
GRID,956,,0.00750000,0.000100000,0.00000
GRID,957,,0.00780000,-0.000200000,0.00000
GRID,958,,0.00770000,-0.000100000,0.00000
GRID,959,,0.00800000,-0.000400000,0.00000
GRID,960,,0.00790000,-0.000300000,0.00000
GRID,961,,0.00740000,0.000400000,0.00000
GRID,962,,0.00760000,0.000200000,0.00000
GRID,963,,0.00750000,0.000300000,0.00000
GRID,964,,0.00780000,-6.77626E-21,0.00000
GRID,965,,0.00770000,0.000100000,0.00000
GRID,966,,0.00800000,-0.000200000,0.00000
GRID,967,,0.00790000,-0.000100000,0.00000
GRID,968,,0.00820000,-0.000400000,0.00000
GRID,969,,0.00810000,-0.000300000,0.00000
GRID,970,,0.00760000,0.000400000,0.00000
GRID,971,,0.00780000,0.000200000,0.00000
GRID,972,,0.00770000,0.000300000,0.00000
GRID,973,,0.00800000,4.06576E-20,0.00000
GRID,974,,0.00790000,0.000100000,0.00000
GRID,975,,0.00820000,-0.000200000,0.00000
GRID,976,,0.00810000,-0.000100000,0.00000
GRID,977,,0.00840000,-0.000400000,0.00000
GRID,978,,0.00830000,-0.000300000,0.00000
GRID,979,,0.00780000,0.000400000,0.00000
GRID,980,,0.00800000,0.000200000,0.00000
GRID,981,,0.00790000,0.000300000,0.00000
GRID,982,,0.00820000,-2.03288E-20,0.00000
GRID,983,,0.00810000,0.000100000,0.00000
GRID,984,,0.00840000,-0.000200000,0.00000
GRID,985,,0.00830000,-0.000100000,0.00000
GRID,986,,0.00860000,-0.000400000,0.00000
GRID,987,,0.00850000,-0.000300000,0.00000
GRID,988,,0.00800000,0.000400000,0.00000
GRID,989,,0.00820000,0.000200000,0.00000
GRID,990,,0.00810000,0.000300000,0.00000
GRID,991,,0.00840000,-4.74338E-20,0.00000
GRID,992,,0.00830000,0.000100000,0.00000
GRID,993,,0.00860000,-0.000200000,0.00000
GRID,994,,0.00850000,-0.000100000,0.00000
GRID,995,,0.00880000,-0.000400000,0.00000
GRID,996,,0.00870000,-0.000300000,0.00000
GRID,997,,0.00820000,0.000400000,0.00000
GRID,998,,0.00840000,0.000200000,0.00000
GRID,999,,0.00830000,0.000300000,0.00000
GRID,1000,,0.00860000,2.71051E-20,0.00000
GRID,1001,,0.00850000,0.000100000,0.00000
GRID,1002,,0.00880000,-0.000200000,0.00000
GRID,1003,,0.00870000,-0.000100000,0.00000
GRID,1004,,0.00900000,-0.000400000,0.00000
GRID,1005,,0.00890000,-0.000300000,0.00000
GRID,1006,,0.00840000,0.000400000,0.00000
GRID,1007,,0.00860000,0.000200000,0.00000
GRID,1008,,0.00850000,0.000300000,0.00000
GRID,1009,,0.00880000,3.38813E-20,0.00000
GRID,1010,,0.00870000,0.000100000,0.00000
GRID,1011,,0.00900000,-0.000200000,0.00000
GRID,1012,,0.00890000,-0.000100000,0.00000
GRID,1013,,0.00920000,-0.000400000,0.00000
GRID,1014,,0.00910000,-0.000300000,0.00000
GRID,1015,,0.00860000,0.000400000,0.00000
GRID,1016,,0.00880000,0.000200000,0.00000
GRID,1017,,0.00870000,0.000300000,0.00000
GRID,1018,,0.00900000,1.35525E-20,0.00000
GRID,1019,,0.00890000,0.000100000,0.00000
GRID,1020,,0.00920000,-0.000200000,0.00000
GRID,1021,,0.00910000,-0.000100000,0.00000
GRID,1022,,0.00940000,-0.000400000,0.00000
GRID,1023,,0.00930000,-0.000300000,0.00000
GRID,1024,,0.00880000,0.000400000,0.00000
GRID,1025,,0.00900000,0.000200000,0.00000
GRID,1026,,0.00890000,0.000300000,0.00000
GRID,1027,,0.00920000,4.06576E-20,0.00000
GRID,1028,,0.00910000,0.000100000,0.00000
GRID,1029,,0.00940000,-0.000200000,0.00000
GRID,1030,,0.00930000,-0.000100000,0.00000
GRID,1031,,0.00960000,-0.000400000,0.00000
GRID,1032,,0.00950000,-0.000300000,0.00000
GRID,1033,,0.00900000,0.000400000,0.00000
GRID,1034,,0.00920000,0.000200000,0.00000
GRID,1035,,0.00910000,0.000300000,0.00000
GRID,1036,,0.00940000,4.74338E-20,0.00000
GRID,1037,,0.00930000,0.000100000,0.00000
GRID,1038,,0.00960000,-0.000200000,0.00000
GRID,1039,,0.00950000,-0.000100000,0.00000
GRID,1040,,0.00980000,-0.000400000,0.00000
GRID,1041,,0.00970000,-0.000300000,0.00000
GRID,1042,,0.00920000,0.000400000,0.00000
GRID,1043,,0.00940000,0.000200000,0.00000
GRID,1044,,0.00930000,0.000300000,0.00000
GRID,1045,,0.00960000,6.77626E-20,0.00000
GRID,1046,,0.00950000,0.000100000,0.00000
GRID,1047,,0.00980000,-0.000200000,0.00000
GRID,1048,,0.00970000,-0.000100000,0.00000
GRID,1049,,0.0100000,-0.000400000,0.00000
GRID,1050,,0.00990000,-0.000300000,0.00000
GRID,1051,,0.00940000,0.000400000,0.00000
GRID,1052,,0.00960000,0.000200000,0.00000
GRID,1053,,0.00950000,0.000300000,0.00000
GRID,1054,,0.00980000,4.74338E-20,0.00000
GRID,1055,,0.00970000,0.000100000,0.00000
GRID,1056,,0.0100000,-0.000200000,0.00000
GRID,1057,,0.00990000,-0.000100000,0.00000
GRID,1058,,0.0102000,-0.000400000,0.00000
GRID,1059,,0.0101000,-0.000300000,0.00000
GRID,1060,,0.00960000,0.000400000,0.00000
GRID,1061,,0.00980000,0.000200000,0.00000
GRID,1062,,0.00970000,0.000300000,0.00000
GRID,1063,,0.0100000,6.09864E-20,0.00000
GRID,1064,,0.00990000,0.000100000,0.00000
GRID,1065,,0.0102000,-0.000200000,0.00000
GRID,1066,,0.0101000,-0.000100000,0.00000
GRID,1067,,0.0104000,-0.000400000,0.00000
GRID,1068,,0.0103000,-0.000300000,0.00000
GRID,1069,,0.00980000,0.000400000,0.00000
GRID,1070,,0.0100000,0.000200000,0.00000
GRID,1071,,0.00990000,0.000300000,0.00000
GRID,1072,,0.0102000,4.74338E-20,0.00000
GRID,1073,,0.0101000,0.000100000,0.00000
GRID,1074,,0.0104000,-0.000200000,0.00000
GRID,1075,,0.0103000,-0.000100000,0.00000
GRID,1076,,0.0106000,-0.000400000,0.00000
GRID,1077,,0.0105000,-0.000300000,0.00000
GRID,1078,,0.0100000,0.000400000,0.00000
GRID,1079,,0.0102000,0.000200000,0.00000
GRID,1080,,0.0101000,0.000300000,0.00000
GRID,1081,,0.0104000,4.06576E-20,0.00000
GRID,1082,,0.0103000,0.000100000,0.00000
GRID,1083,,0.0106000,-0.000200000,0.00000
GRID,1084,,0.0105000,-0.000100000,0.00000
GRID,1085,,0.0108000,-0.000400000,0.00000
GRID,1086,,0.0107000,-0.000300000,0.00000
GRID,1087,,0.0102000,0.000400000,0.00000
GRID,1088,,0.0104000,0.000200000,0.00000
GRID,1089,,0.0103000,0.000300000,0.00000
GRID,1090,,0.0106000,2.71051E-20,0.00000
GRID,1091,,0.0105000,0.000100000,0.00000
GRID,1092,,0.0108000,-0.000200000,0.00000
GRID,1093,,0.0107000,-0.000100000,0.00000
GRID,1094,,0.0110000,-0.000400000,0.00000
GRID,1095,,0.0109000,-0.000300000,0.00000
GRID,1096,,0.0104000,0.000400000,0.00000
GRID,1097,,0.0106000,0.000200000,0.00000
GRID,1098,,0.0105000,0.000300000,0.00000
GRID,1099,,0.0108000,6.77626E-20,0.00000
GRID,1100,,0.0107000,0.000100000,0.00000
GRID,1101,,0.0110000,-0.000200000,0.00000
GRID,1102,,0.0109000,-0.000100000,0.00000
GRID,1103,,0.0112000,-0.000400000,0.00000
GRID,1104,,0.0111000,-0.000300000,0.00000
GRID,1105,,0.0106000,0.000400000,0.00000
GRID,1106,,0.0108000,0.000200000,0.00000
GRID,1107,,0.0107000,0.000300000,0.00000
GRID,1108,,0.0110000,4.74338E-20,0.00000
GRID,1109,,0.0109000,0.000100000,0.00000
GRID,1110,,0.0112000,-0.000200000,0.00000
GRID,1111,,0.0111000,-0.000100000,0.00000
GRID,1112,,0.0114000,-0.000400000,0.00000
GRID,1113,,0.0113000,-0.000300000,0.00000
GRID,1114,,0.0108000,0.000400000,0.00000
GRID,1115,,0.0110000,0.000200000,0.00000
GRID,1116,,0.0109000,0.000300000,0.00000
GRID,1117,,0.0112000,5.42101E-20,0.00000
GRID,1118,,0.0111000,0.000100000,0.00000
GRID,1119,,0.0114000,-0.000200000,0.00000
GRID,1120,,0.0113000,-0.000100000,0.00000
GRID,1121,,0.0116000,-0.000400000,0.00000
GRID,1122,,0.0115000,-0.000300000,0.00000
GRID,1123,,0.0110000,0.000400000,0.00000
GRID,1124,,0.0112000,0.000200000,0.00000
GRID,1125,,0.0111000,0.000300000,0.00000
GRID,1126,,0.0114000,4.74338E-20,0.00000
GRID,1127,,0.0113000,0.000100000,0.00000
GRID,1128,,0.0116000,-0.000200000,0.00000
GRID,1129,,0.0115000,-0.000100000,0.00000
GRID,1130,,0.0118000,-0.000400000,0.00000
GRID,1131,,0.0117000,-0.000300000,0.00000
GRID,1132,,0.0112000,0.000400000,0.00000
GRID,1133,,0.0114000,0.000200000,0.00000
GRID,1134,,0.0113000,0.000300000,0.00000
GRID,1135,,0.0116000,6.09864E-20,0.00000
GRID,1136,,0.0115000,0.000100000,0.00000
GRID,1137,,0.0118000,-0.000200000,0.00000
GRID,1138,,0.0117000,-0.000100000,0.00000
GRID,1139,,0.0120000,-0.000400000,0.00000
GRID,1140,,0.0119000,-0.000300000,0.00000
GRID,1141,,0.0114000,0.000400000,0.00000
GRID,1142,,0.0116000,0.000200000,0.00000
GRID,1143,,0.0115000,0.000300000,0.00000
GRID,1144,,0.0118000,8.13152E-20,0.00000
GRID,1145,,0.0117000,0.000100000,0.00000
GRID,1146,,0.0120000,-0.000200000,0.00000
GRID,1147,,0.0119000,-0.000100000,0.00000
GRID,1148,,0.0122000,-0.000400000,0.00000
GRID,1149,,0.0121000,-0.000300000,0.00000
GRID,1150,,0.0116000,0.000400000,0.00000
GRID,1151,,0.0118000,0.000200000,0.00000
GRID,1152,,0.0117000,0.000300000,0.00000
GRID,1153,,0.0120000,1.21973E-19,0.00000
GRID,1154,,0.0119000,0.000100000,0.00000
GRID,1155,,0.0122000,-0.000200000,0.00000
GRID,1156,,0.0121000,-0.000100000,0.00000
GRID,1157,,0.0124000,-0.000400000,0.00000
GRID,1158,,0.0123000,-0.000300000,0.00000
GRID,1159,,0.0118000,0.000400000,0.00000
GRID,1160,,0.0120000,0.000200000,0.00000
GRID,1161,,0.0119000,0.000300000,0.00000
GRID,1162,,0.0122000,1.15196E-19,0.00000
GRID,1163,,0.0121000,0.000100000,0.00000
GRID,1164,,0.0124000,-0.000200000,0.00000
GRID,1165,,0.0123000,-0.000100000,0.00000
GRID,1166,,0.0126000,-0.000400000,0.00000
GRID,1167,,0.0125000,-0.000300000,0.00000
GRID,1168,,0.0120000,0.000400000,0.00000
GRID,1169,,0.0122000,0.000200000,0.00000
GRID,1170,,0.0121000,0.000300000,0.00000
GRID,1171,,0.0124000,7.45389E-20,0.00000
GRID,1172,,0.0123000,0.000100000,0.00000
GRID,1173,,0.0126000,-0.000200000,0.00000
GRID,1174,,0.0125000,-0.000100000,0.00000
GRID,1175,,0.0128000,-0.000400000,0.00000
GRID,1176,,0.0127000,-0.000300000,0.00000
GRID,1177,,0.0122000,0.000400000,0.00000
GRID,1178,,0.0124000,0.000200000,0.00000
GRID,1179,,0.0123000,0.000300000,0.00000
GRID,1180,,0.0126000,1.15196E-19,0.00000
GRID,1181,,0.0125000,0.000100000,0.00000
GRID,1182,,0.0128000,-0.000200000,0.00000
GRID,1183,,0.0127000,-0.000100000,0.00000
GRID,1184,,0.0130000,-0.000400000,0.00000
GRID,1185,,0.0129000,-0.000300000,0.00000
GRID,1186,,0.0124000,0.000400000,0.00000
GRID,1187,,0.0126000,0.000200000,0.00000
GRID,1188,,0.0125000,0.000300000,0.00000
GRID,1189,,0.0128000,4.06576E-20,0.00000
GRID,1190,,0.0127000,0.000100000,0.00000
GRID,1191,,0.0130000,-0.000200000,0.00000
GRID,1192,,0.0129000,-0.000100000,0.00000
GRID,1193,,0.0132000,-0.000400000,0.00000
GRID,1194,,0.0131000,-0.000300000,0.00000
GRID,1195,,0.0126000,0.000400000,0.00000
GRID,1196,,0.0128000,0.000200000,0.00000
GRID,1197,,0.0127000,0.000300000,0.00000
GRID,1198,,0.0130000,9.48677E-20,0.00000
GRID,1199,,0.0129000,0.000100000,0.00000
GRID,1200,,0.0132000,-0.000200000,0.00000
GRID,1201,,0.0131000,-0.000100000,0.00000
GRID,1202,,0.0134000,-0.000400000,0.00000
GRID,1203,,0.0133000,-0.000300000,0.00000
GRID,1204,,0.0128000,0.000400000,0.00000
GRID,1205,,0.0130000,0.000200000,0.00000
GRID,1206,,0.0129000,0.000300000,0.00000
GRID,1207,,0.0132000,5.42101E-20,0.00000
GRID,1208,,0.0131000,0.000100000,0.00000
GRID,1209,,0.0134000,-0.000200000,0.00000
GRID,1210,,0.0133000,-0.000100000,0.00000
GRID,1211,,0.0136000,-0.000400000,0.00000
GRID,1212,,0.0135000,-0.000300000,0.00000
GRID,1213,,0.0130000,0.000400000,0.00000
GRID,1214,,0.0132000,0.000200000,0.00000
GRID,1215,,0.0131000,0.000300000,0.00000
GRID,1216,,0.0134000,1.21973E-19,0.00000
GRID,1217,,0.0133000,0.000100000,0.00000
GRID,1218,,0.0136000,-0.000200000,0.00000
GRID,1219,,0.0135000,-0.000100000,0.00000
GRID,1220,,0.0138000,-0.000400000,0.00000
GRID,1221,,0.0137000,-0.000300000,0.00000
GRID,1222,,0.0132000,0.000400000,0.00000
GRID,1223,,0.0134000,0.000200000,0.00000
GRID,1224,,0.0133000,0.000300000,0.00000
GRID,1225,,0.0136000,5.42101E-20,0.00000
GRID,1226,,0.0135000,0.000100000,0.00000
GRID,1227,,0.0138000,-0.000200000,0.00000
GRID,1228,,0.0137000,-0.000100000,0.00000
GRID,1229,,0.0140000,-0.000400000,0.00000
GRID,1230,,0.0139000,-0.000300000,0.00000
GRID,1231,,0.0134000,0.000400000,0.00000
GRID,1232,,0.0136000,0.000200000,0.00000
GRID,1233,,0.0135000,0.000300000,0.00000
GRID,1234,,0.0138000,8.80914E-20,0.00000
GRID,1235,,0.0137000,0.000100000,0.00000
GRID,1236,,0.0140000,-0.000200000,0.00000
GRID,1237,,0.0139000,-0.000100000,0.00000
GRID,1238,,0.0142000,-0.000400000,0.00000
GRID,1239,,0.0141000,-0.000300000,0.00000
GRID,1240,,0.0136000,0.000400000,0.00000
GRID,1241,,0.0138000,0.000200000,0.00000
GRID,1242,,0.0137000,0.000300000,0.00000
GRID,1243,,0.0140000,8.80914E-20,0.00000
GRID,1244,,0.0139000,0.000100000,0.00000
GRID,1245,,0.0142000,-0.000200000,0.00000
GRID,1246,,0.0141000,-0.000100000,0.00000
GRID,1247,,0.0144000,-0.000400000,0.00000
GRID,1248,,0.0143000,-0.000300000,0.00000
GRID,1249,,0.0138000,0.000400000,0.00000
GRID,1250,,0.0140000,0.000200000,0.00000
GRID,1251,,0.0139000,0.000300000,0.00000
GRID,1252,,0.0142000,1.01644E-19,0.00000
GRID,1253,,0.0141000,0.000100000,0.00000
GRID,1254,,0.0144000,-0.000200000,0.00000
GRID,1255,,0.0143000,-0.000100000,0.00000
GRID,1256,,0.0146000,-0.000400000,0.00000
GRID,1257,,0.0145000,-0.000300000,0.00000
GRID,1258,,0.0140000,0.000400000,0.00000
GRID,1259,,0.0142000,0.000200000,0.00000
GRID,1260,,0.0141000,0.000300000,0.00000
GRID,1261,,0.0144000,1.28749E-19,0.00000
GRID,1262,,0.0143000,0.000100000,0.00000
GRID,1263,,0.0146000,-0.000200000,0.00000
GRID,1264,,0.0145000,-0.000100000,0.00000
GRID,1265,,0.0148000,-0.000400000,0.00000
GRID,1266,,0.0147000,-0.000300000,0.00000
GRID,1267,,0.0142000,0.000400000,0.00000
GRID,1268,,0.0144000,0.000200000,0.00000
GRID,1269,,0.0143000,0.000300000,0.00000
GRID,1270,,0.0146000,1.21973E-19,0.00000
GRID,1271,,0.0145000,0.000100000,0.00000
GRID,1272,,0.0148000,-0.000200000,0.00000
GRID,1273,,0.0147000,-0.000100000,0.00000
GRID,1274,,0.0149000,-0.000300000,0.00000
GRID,1275,,0.0144000,0.000400000,0.00000
GRID,1276,,0.0146000,0.000200000,0.00000
GRID,1277,,0.0145000,0.000300000,0.00000
GRID,1278,,0.0148000,1.35525E-19,0.00000
GRID,1279,,0.0147000,0.000100000,0.00000
GRID,1280,,0.0149000,-0.000100000,0.00000
GRID,1281,,0.0146000,0.000400000,0.00000
GRID,1282,,0.0148000,0.000200000,0.00000
GRID,1283,,0.0147000,0.000300000,0.00000
GRID,1284,,0.0149000,0.000100000,0.00000
GRID,1285,,0.0148000,0.000400000,0.00000
GRID,1286,,0.0149000,0.000300000,0.00000
$ Element data section
CQUAD8,1,1,1,3,5,2,462,617,618,457
CQUAD8,2,1,2,5,8,4,618,619,620,458
CQUAD8,3,1,3,6,9,5,463,621,622,617
CQUAD8,4,1,4,8,12,7,620,623,624,459
CQUAD8,5,1,5,9,13,8,622,625,626,619
CQUAD8,6,1,6,10,14,9,464,627,628,621
CQUAD8,7,1,7,12,17,11,624,629,630,460
CQUAD8,8,1,8,13,18,12,626,631,632,623
CQUAD8,9,1,9,14,19,13,628,633,634,625
CQUAD8,10,1,10,15,20,14,465,635,636,627
CQUAD8,11,1,11,17,22,16,630,637,537,461
CQUAD8,12,1,12,18,23,17,632,638,639,629
CQUAD8,13,1,13,19,24,18,634,640,641,631
CQUAD8,14,1,14,20,25,19,636,642,643,633
CQUAD8,15,1,15,21,26,20,466,644,645,635
CQUAD8,16,1,17,23,28,22,639,646,538,637
CQUAD8,17,1,18,24,29,23,641,647,648,638
CQUAD8,18,1,19,25,30,24,643,649,650,640
CQUAD8,19,1,20,26,31,25,645,651,652,642
CQUAD8,20,1,21,27,32,26,467,653,654,644
CQUAD8,21,1,23,29,34,28,648,655,539,646
CQUAD8,22,1,24,30,35,29,650,656,657,647
CQUAD8,23,1,25,31,36,30,652,658,659,649
CQUAD8,24,1,26,32,37,31,654,660,661,651
CQUAD8,25,1,27,33,38,32,468,662,663,653
CQUAD8,26,1,29,35,40,34,657,664,540,655
CQUAD8,27,1,30,36,41,35,659,665,666,656
CQUAD8,28,1,31,37,42,36,661,667,668,658
CQUAD8,29,1,32,38,43,37,663,669,670,660
CQUAD8,30,1,33,39,44,38,469,671,672,662
CQUAD8,31,1,35,41,46,40,666,673,541,664
CQUAD8,32,1,36,42,47,41,668,674,675,665
CQUAD8,33,1,37,43,48,42,670,676,677,667
CQUAD8,34,1,38,44,49,43,672,678,679,669
CQUAD8,35,1,39,45,50,44,470,680,681,671
CQUAD8,36,1,41,47,52,46,675,682,542,673
CQUAD8,37,1,42,48,53,47,677,683,684,674
CQUAD8,38,1,43,49,54,48,679,685,686,676
CQUAD8,39,1,44,50,55,49,681,687,688,678
CQUAD8,40,1,45,51,56,50,471,689,690,680
CQUAD8,41,1,47,53,58,52,684,691,543,682
CQUAD8,42,1,48,54,59,53,686,692,693,683
CQUAD8,43,1,49,55,60,54,688,694,695,685
CQUAD8,44,1,50,56,61,55,690,696,697,687
CQUAD8,45,1,51,57,62,56,472,698,699,689
CQUAD8,46,1,53,59,64,58,693,700,544,691
CQUAD8,47,1,54,60,65,59,695,701,702,692
CQUAD8,48,1,55,61,66,60,697,703,704,694
CQUAD8,49,1,56,62,67,61,699,705,706,696
CQUAD8,50,1,57,63,68,62,473,707,708,698
CQUAD8,51,1,59,65,70,64,702,709,545,700
CQUAD8,52,1,60,66,71,65,704,710,711,701
CQUAD8,53,1,61,67,72,66,706,712,713,703
CQUAD8,54,1,62,68,73,67,708,714,715,705
CQUAD8,55,1,63,69,74,68,474,716,717,707
CQUAD8,56,1,65,71,76,70,711,718,546,709
CQUAD8,57,1,66,72,77,71,713,719,720,710
CQUAD8,58,1,67,73,78,72,715,721,722,712
CQUAD8,59,1,68,74,79,73,717,723,724,714
CQUAD8,60,1,69,75,80,74,475,725,726,716
CQUAD8,61,1,71,77,82,76,720,727,547,718
CQUAD8,62,1,72,78,83,77,722,728,729,719
CQUAD8,63,1,73,79,84,78,724,730,731,721
CQUAD8,64,1,74,80,85,79,726,732,733,723
CQUAD8,65,1,75,81,86,80,476,734,735,725
CQUAD8,66,1,77,83,88,82,729,736,548,727
CQUAD8,67,1,78,84,89,83,731,737,738,728
CQUAD8,68,1,79,85,90,84,733,739,740,730
CQUAD8,69,1,80,86,91,85,735,741,742,732
CQUAD8,70,1,81,87,92,86,477,743,744,734
CQUAD8,71,1,83,89,94,88,738,745,549,736
CQUAD8,72,1,84,90,95,89,740,746,747,737
CQUAD8,73,1,85,91,96,90,742,748,749,739
CQUAD8,74,1,86,92,97,91,744,750,751,741
CQUAD8,75,1,87,93,98,92,478,752,753,743
CQUAD8,76,1,89,95,100,94,747,754,550,745
CQUAD8,77,1,90,96,101,95,749,755,756,746
CQUAD8,78,1,91,97,102,96,751,757,758,748
CQUAD8,79,1,92,98,103,97,753,759,760,750
CQUAD8,80,1,93,99,104,98,479,761,762,752
CQUAD8,81,1,95,101,106,100,756,763,551,754
CQUAD8,82,1,96,102,107,101,758,764,765,755
CQUAD8,83,1,97,103,108,102,760,766,767,757
CQUAD8,84,1,98,104,109,103,762,768,769,759
CQUAD8,85,1,99,105,110,104,480,770,771,761
CQUAD8,86,1,101,107,112,106,765,772,552,763
CQUAD8,87,1,102,108,113,107,767,773,774,764
CQUAD8,88,1,103,109,114,108,769,775,776,766
CQUAD8,89,1,104,110,115,109,771,777,778,768
CQUAD8,90,1,105,111,116,110,481,779,780,770
CQUAD8,91,1,107,113,118,112,774,781,553,772
CQUAD8,92,1,108,114,119,113,776,782,783,773
CQUAD8,93,1,109,115,120,114,778,784,785,775
CQUAD8,94,1,110,116,121,115,780,786,787,777
CQUAD8,95,1,111,117,122,116,482,788,789,779
CQUAD8,96,1,113,119,124,118,783,790,554,781
CQUAD8,97,1,114,120,125,119,785,791,792,782
CQUAD8,98,1,115,121,126,120,787,793,794,784
CQUAD8,99,1,116,122,127,121,789,795,796,786
CQUAD8,100,1,117,123,128,122,483,797,798,788
CQUAD8,101,1,119,125,130,124,792,799,555,790
CQUAD8,102,1,120,126,131,125,794,800,801,791
CQUAD8,103,1,121,127,132,126,796,802,803,793
CQUAD8,104,1,122,128,133,127,798,804,805,795
CQUAD8,105,1,123,129,134,128,484,806,807,797
CQUAD8,106,1,125,131,136,130,801,808,556,799
CQUAD8,107,1,126,132,137,131,803,809,810,800
CQUAD8,108,1,127,133,138,132,805,811,812,802
CQUAD8,109,1,128,134,139,133,807,813,814,804
CQUAD8,110,1,129,135,140,134,485,815,816,806
CQUAD8,111,1,131,137,142,136,810,817,557,808
CQUAD8,112,1,132,138,143,137,812,818,819,809
CQUAD8,113,1,133,139,144,138,814,820,821,811
CQUAD8,114,1,134,140,145,139,816,822,823,813
CQUAD8,115,1,135,141,146,140,486,824,825,815
CQUAD8,116,1,137,143,148,142,819,826,558,817
CQUAD8,117,1,138,144,149,143,821,827,828,818
CQUAD8,118,1,139,145,150,144,823,829,830,820
CQUAD8,119,1,140,146,151,145,825,831,832,822
CQUAD8,120,1,141,147,152,146,487,833,834,824
CQUAD8,121,1,143,149,154,148,828,835,559,826
CQUAD8,122,1,144,150,155,149,830,836,837,827
CQUAD8,123,1,145,151,156,150,832,838,839,829
CQUAD8,124,1,146,152,157,151,834,840,841,831
CQUAD8,125,1,147,153,158,152,488,842,843,833
CQUAD8,126,1,149,155,160,154,837,844,560,835
CQUAD8,127,1,150,156,161,155,839,845,846,836
CQUAD8,128,1,151,157,162,156,841,847,848,838
CQUAD8,129,1,152,158,163,157,843,849,850,840
CQUAD8,130,1,153,159,164,158,489,851,852,842
CQUAD8,131,1,155,161,166,160,846,853,561,844
CQUAD8,132,1,156,162,167,161,848,854,855,845
CQUAD8,133,1,157,163,168,162,850,856,857,847
CQUAD8,134,1,158,164,169,163,852,858,859,849
CQUAD8,135,1,159,165,170,164,490,860,861,851
CQUAD8,136,1,161,167,172,166,855,862,562,853
CQUAD8,137,1,162,168,173,167,857,863,864,854
CQUAD8,138,1,163,169,174,168,859,865,866,856
CQUAD8,139,1,164,170,175,169,861,867,868,858
CQUAD8,140,1,165,171,176,170,491,869,870,860
CQUAD8,141,1,167,173,178,172,864,871,563,862
CQUAD8,142,1,168,174,179,173,866,872,873,863
CQUAD8,143,1,169,175,180,174,868,874,875,865
CQUAD8,144,1,170,176,181,175,870,876,877,867
CQUAD8,145,1,171,177,182,176,492,878,879,869
CQUAD8,146,1,173,179,184,178,873,880,564,871
CQUAD8,147,1,174,180,185,179,875,881,882,872
CQUAD8,148,1,175,181,186,180,877,883,884,874
CQUAD8,149,1,176,182,187,181,879,885,886,876
CQUAD8,150,1,177,183,188,182,493,887,888,878
CQUAD8,151,1,179,185,190,184,882,889,565,880
CQUAD8,152,1,180,186,191,185,884,890,891,881
CQUAD8,153,1,181,187,192,186,886,892,893,883
CQUAD8,154,1,182,188,193,187,888,894,895,885
CQUAD8,155,1,183,189,194,188,494,896,897,887
CQUAD8,156,1,185,191,196,190,891,898,566,889
CQUAD8,157,1,186,192,197,191,893,899,900,890
CQUAD8,158,1,187,193,198,192,895,901,902,892
CQUAD8,159,1,188,194,199,193,897,903,904,894
CQUAD8,160,1,189,195,200,194,495,905,906,896
CQUAD8,161,1,191,197,202,196,900,907,567,898
CQUAD8,162,1,192,198,203,197,902,908,909,899
CQUAD8,163,1,193,199,204,198,904,910,911,901
CQUAD8,164,1,194,200,205,199,906,912,913,903
CQUAD8,165,1,195,201,206,200,496,914,915,905
CQUAD8,166,1,197,203,208,202,909,916,568,907
CQUAD8,167,1,198,204,209,203,911,917,918,908
CQUAD8,168,1,199,205,210,204,913,919,920,910
CQUAD8,169,1,200,206,211,205,915,921,922,912
CQUAD8,170,1,201,207,212,206,497,923,924,914
CQUAD8,171,1,203,209,214,208,918,925,569,916
CQUAD8,172,1,204,210,215,209,920,926,927,917
CQUAD8,173,1,205,211,216,210,922,928,929,919
CQUAD8,174,1,206,212,217,211,924,930,931,921
CQUAD8,175,1,207,213,218,212,498,932,933,923
CQUAD8,176,1,209,215,220,214,927,934,570,925
CQUAD8,177,1,210,216,221,215,929,935,936,926
CQUAD8,178,1,211,217,222,216,931,937,938,928
CQUAD8,179,1,212,218,223,217,933,939,940,930
CQUAD8,180,1,213,219,224,218,499,941,942,932
CQUAD8,181,1,215,221,226,220,936,943,571,934
CQUAD8,182,1,216,222,227,221,938,944,945,935
CQUAD8,183,1,217,223,228,222,940,946,947,937
CQUAD8,184,1,218,224,229,223,942,948,949,939
CQUAD8,185,1,219,225,230,224,500,950,951,941
CQUAD8,186,1,221,227,232,226,945,952,572,943
CQUAD8,187,1,222,228,233,227,947,953,954,944
CQUAD8,188,1,223,229,234,228,949,955,956,946
CQUAD8,189,1,224,230,235,229,951,957,958,948
CQUAD8,190,1,225,231,236,230,501,959,960,950
CQUAD8,191,1,227,233,238,232,954,961,573,952
CQUAD8,192,1,228,234,239,233,956,962,963,953
CQUAD8,193,1,229,235,240,234,958,964,965,955
CQUAD8,194,1,230,236,241,235,960,966,967,957
CQUAD8,195,1,231,237,242,236,502,968,969,959
CQUAD8,196,1,233,239,244,238,963,970,574,961
CQUAD8,197,1,234,240,245,239,965,971,972,962
CQUAD8,198,1,235,241,246,240,967,973,974,964
CQUAD8,199,1,236,242,247,241,969,975,976,966
CQUAD8,200,1,237,243,248,242,503,977,978,968
CQUAD8,201,1,239,245,250,244,972,979,575,970
CQUAD8,202,1,240,246,251,245,974,980,981,971
CQUAD8,203,1,241,247,252,246,976,982,983,973
CQUAD8,204,1,242,248,253,247,978,984,985,975
CQUAD8,205,1,243,249,254,248,504,986,987,977
CQUAD8,206,1,245,251,256,250,981,988,576,979
CQUAD8,207,1,246,252,257,251,983,989,990,980
CQUAD8,208,1,247,253,258,252,985,991,992,982
CQUAD8,209,1,248,254,259,253,987,993,994,984
CQUAD8,210,1,249,255,260,254,505,995,996,986
CQUAD8,211,1,251,257,262,256,990,997,577,988
CQUAD8,212,1,252,258,263,257,992,998,999,989
CQUAD8,213,1,253,259,264,258,994,1000,1001,991
CQUAD8,214,1,254,260,265,259,996,1002,1003,993
CQUAD8,215,1,255,261,266,260,506,1004,1005,995
CQUAD8,216,1,257,263,268,262,999,1006,578,997
CQUAD8,217,1,258,264,269,263,1001,1007,1008,998
CQUAD8,218,1,259,265,270,264,1003,1009,1010,1000
CQUAD8,219,1,260,266,271,265,1005,1011,1012,1002
CQUAD8,220,1,261,267,272,266,507,1013,1014,1004
CQUAD8,221,1,263,269,274,268,1008,1015,579,1006
CQUAD8,222,1,264,270,275,269,1010,1016,1017,1007
CQUAD8,223,1,265,271,276,270,1012,1018,1019,1009
CQUAD8,224,1,266,272,277,271,1014,1020,1021,1011
CQUAD8,225,1,267,273,278,272,508,1022,1023,1013
CQUAD8,226,1,269,275,280,274,1017,1024,580,1015
CQUAD8,227,1,270,276,281,275,1019,1025,1026,1016
CQUAD8,228,1,271,277,282,276,1021,1027,1028,1018
CQUAD8,229,1,272,278,283,277,1023,1029,1030,1020
CQUAD8,230,1,273,279,284,278,509,1031,1032,1022
CQUAD8,231,1,275,281,286,280,1026,1033,581,1024
CQUAD8,232,1,276,282,287,281,1028,1034,1035,1025
CQUAD8,233,1,277,283,288,282,1030,1036,1037,1027
CQUAD8,234,1,278,284,289,283,1032,1038,1039,1029
CQUAD8,235,1,279,285,290,284,510,1040,1041,1031
CQUAD8,236,1,281,287,292,286,1035,1042,582,1033
CQUAD8,237,1,282,288,293,287,1037,1043,1044,1034
CQUAD8,238,1,283,289,294,288,1039,1045,1046,1036
CQUAD8,239,1,284,290,295,289,1041,1047,1048,1038
CQUAD8,240,1,285,291,296,290,511,1049,1050,1040
CQUAD8,241,1,287,293,298,292,1044,1051,583,1042
CQUAD8,242,1,288,294,299,293,1046,1052,1053,1043
CQUAD8,243,1,289,295,300,294,1048,1054,1055,1045
CQUAD8,244,1,290,296,301,295,1050,1056,1057,1047
CQUAD8,245,1,291,297,302,296,512,1058,1059,1049
CQUAD8,246,1,293,299,304,298,1053,1060,584,1051
CQUAD8,247,1,294,300,305,299,1055,1061,1062,1052
CQUAD8,248,1,295,301,306,300,1057,1063,1064,1054
CQUAD8,249,1,296,302,307,301,1059,1065,1066,1056
CQUAD8,250,1,297,303,308,302,513,1067,1068,1058
CQUAD8,251,1,299,305,310,304,1062,1069,585,1060
CQUAD8,252,1,300,306,311,305,1064,1070,1071,1061
CQUAD8,253,1,301,307,312,306,1066,1072,1073,1063
CQUAD8,254,1,302,308,313,307,1068,1074,1075,1065
CQUAD8,255,1,303,309,314,308,514,1076,1077,1067
CQUAD8,256,1,305,311,316,310,1071,1078,586,1069
CQUAD8,257,1,306,312,317,311,1073,1079,1080,1070
CQUAD8,258,1,307,313,318,312,1075,1081,1082,1072
CQUAD8,259,1,308,314,319,313,1077,1083,1084,1074
CQUAD8,260,1,309,315,320,314,515,1085,1086,1076
CQUAD8,261,1,311,317,322,316,1080,1087,587,1078
CQUAD8,262,1,312,318,323,317,1082,1088,1089,1079
CQUAD8,263,1,313,319,324,318,1084,1090,1091,1081
CQUAD8,264,1,314,320,325,319,1086,1092,1093,1083
CQUAD8,265,1,315,321,326,320,516,1094,1095,1085
CQUAD8,266,1,317,323,328,322,1089,1096,588,1087
CQUAD8,267,1,318,324,329,323,1091,1097,1098,1088
CQUAD8,268,1,319,325,330,324,1093,1099,1100,1090
CQUAD8,269,1,320,326,331,325,1095,1101,1102,1092
CQUAD8,270,1,321,327,332,326,517,1103,1104,1094
CQUAD8,271,1,323,329,334,328,1098,1105,589,1096
CQUAD8,272,1,324,330,335,329,1100,1106,1107,1097
CQUAD8,273,1,325,331,336,330,1102,1108,1109,1099
CQUAD8,274,1,326,332,337,331,1104,1110,1111,1101
CQUAD8,275,1,327,333,338,332,518,1112,1113,1103
CQUAD8,276,1,329,335,340,334,1107,1114,590,1105
CQUAD8,277,1,330,336,341,335,1109,1115,1116,1106
CQUAD8,278,1,331,337,342,336,1111,1117,1118,1108
CQUAD8,279,1,332,338,343,337,1113,1119,1120,1110
CQUAD8,280,1,333,339,344,338,519,1121,1122,1112
CQUAD8,281,1,335,341,346,340,1116,1123,591,1114
CQUAD8,282,1,336,342,347,341,1118,1124,1125,1115
CQUAD8,283,1,337,343,348,342,1120,1126,1127,1117
CQUAD8,284,1,338,344,349,343,1122,1128,1129,1119
CQUAD8,285,1,339,345,350,344,520,1130,1131,1121
CQUAD8,286,1,341,347,352,346,1125,1132,592,1123
CQUAD8,287,1,342,348,353,347,1127,1133,1134,1124
CQUAD8,288,1,343,349,354,348,1129,1135,1136,1126
CQUAD8,289,1,344,350,355,349,1131,1137,1138,1128
CQUAD8,290,1,345,351,356,350,521,1139,1140,1130
CQUAD8,291,1,347,353,358,352,1134,1141,593,1132
CQUAD8,292,1,348,354,359,353,1136,1142,1143,1133
CQUAD8,293,1,349,355,360,354,1138,1144,1145,1135
CQUAD8,294,1,350,356,361,355,1140,1146,1147,1137
CQUAD8,295,1,351,357,362,356,522,1148,1149,1139
CQUAD8,296,1,353,359,364,358,1143,1150,594,1141
CQUAD8,297,1,354,360,365,359,1145,1151,1152,1142
CQUAD8,298,1,355,361,366,360,1147,1153,1154,1144
CQUAD8,299,1,356,362,367,361,1149,1155,1156,1146
CQUAD8,300,1,357,363,368,362,523,1157,1158,1148
CQUAD8,301,1,359,365,370,364,1152,1159,595,1150
CQUAD8,302,1,360,366,371,365,1154,1160,1161,1151
CQUAD8,303,1,361,367,372,366,1156,1162,1163,1153
CQUAD8,304,1,362,368,373,367,1158,1164,1165,1155
CQUAD8,305,1,363,369,374,368,524,1166,1167,1157
CQUAD8,306,1,365,371,376,370,1161,1168,596,1159
CQUAD8,307,1,366,372,377,371,1163,1169,1170,1160
CQUAD8,308,1,367,373,378,372,1165,1171,1172,1162
CQUAD8,309,1,368,374,379,373,1167,1173,1174,1164
CQUAD8,310,1,369,375,380,374,525,1175,1176,1166
CQUAD8,311,1,371,377,382,376,1170,1177,597,1168
CQUAD8,312,1,372,378,383,377,1172,1178,1179,1169
CQUAD8,313,1,373,379,384,378,1174,1180,1181,1171
CQUAD8,314,1,374,380,385,379,1176,1182,1183,1173
CQUAD8,315,1,375,381,386,380,526,1184,1185,1175
CQUAD8,316,1,377,383,388,382,1179,1186,598,1177
CQUAD8,317,1,378,384,389,383,1181,1187,1188,1178
CQUAD8,318,1,379,385,390,384,1183,1189,1190,1180
CQUAD8,319,1,380,386,391,385,1185,1191,1192,1182
CQUAD8,320,1,381,387,392,386,527,1193,1194,1184
CQUAD8,321,1,383,389,394,388,1188,1195,599,1186
CQUAD8,322,1,384,390,395,389,1190,1196,1197,1187
CQUAD8,323,1,385,391,396,390,1192,1198,1199,1189
CQUAD8,324,1,386,392,397,391,1194,1200,1201,1191
CQUAD8,325,1,387,393,398,392,528,1202,1203,1193
CQUAD8,326,1,389,395,400,394,1197,1204,600,1195
CQUAD8,327,1,390,396,401,395,1199,1205,1206,1196
CQUAD8,328,1,391,397,402,396,1201,1207,1208,1198
CQUAD8,329,1,392,398,403,397,1203,1209,1210,1200
CQUAD8,330,1,393,399,404,398,529,1211,1212,1202
CQUAD8,331,1,395,401,406,400,1206,1213,601,1204
CQUAD8,332,1,396,402,407,401,1208,1214,1215,1205
CQUAD8,333,1,397,403,408,402,1210,1216,1217,1207
CQUAD8,334,1,398,404,409,403,1212,1218,1219,1209
CQUAD8,335,1,399,405,410,404,530,1220,1221,1211
CQUAD8,336,1,401,407,412,406,1215,1222,602,1213
CQUAD8,337,1,402,408,413,407,1217,1223,1224,1214
CQUAD8,338,1,403,409,414,408,1219,1225,1226,1216
CQUAD8,339,1,404,410,415,409,1221,1227,1228,1218
CQUAD8,340,1,405,411,416,410,531,1229,1230,1220
CQUAD8,341,1,407,413,418,412,1224,1231,603,1222
CQUAD8,342,1,408,414,419,413,1226,1232,1233,1223
CQUAD8,343,1,409,415,420,414,1228,1234,1235,1225
CQUAD8,344,1,410,416,421,415,1230,1236,1237,1227
CQUAD8,345,1,411,417,422,416,532,1238,1239,1229
CQUAD8,346,1,413,419,424,418,1233,1240,604,1231
CQUAD8,347,1,414,420,425,419,1235,1241,1242,1232
CQUAD8,348,1,415,421,426,420,1237,1243,1244,1234
CQUAD8,349,1,416,422,427,421,1239,1245,1246,1236
CQUAD8,350,1,417,423,428,422,533,1247,1248,1238
CQUAD8,351,1,419,425,430,424,1242,1249,605,1240
CQUAD8,352,1,420,426,431,425,1244,1250,1251,1241
CQUAD8,353,1,421,427,432,426,1246,1252,1253,1243
CQUAD8,354,1,422,428,433,427,1248,1254,1255,1245
CQUAD8,355,1,423,429,434,428,534,1256,1257,1247
CQUAD8,356,1,425,431,436,430,1251,1258,606,1249
CQUAD8,357,1,426,432,437,431,1253,1259,1260,1250
CQUAD8,358,1,427,433,438,432,1255,1261,1262,1252
CQUAD8,359,1,428,434,439,433,1257,1263,1264,1254
CQUAD8,360,1,429,435,440,434,535,1265,1266,1256
CQUAD8,361,1,431,437,442,436,1260,1267,607,1258
CQUAD8,362,1,432,438,443,437,1262,1268,1269,1259
CQUAD8,363,1,433,439,444,438,1264,1270,1271,1261
CQUAD8,364,1,434,440,445,439,1266,1272,1273,1263
CQUAD8,365,1,435,441,446,440,536,612,1274,1265
CQUAD8,366,1,437,443,447,442,1269,1275,608,1267
CQUAD8,367,1,438,444,448,443,1271,1276,1277,1268
CQUAD8,368,1,439,445,449,444,1273,1278,1279,1270
CQUAD8,369,1,440,446,450,445,1274,613,1280,1272
CQUAD8,370,1,443,448,451,447,1277,1281,609,1275
CQUAD8,371,1,444,449,452,448,1279,1282,1283,1276
CQUAD8,372,1,445,450,453,449,1280,614,1284,1278
CQUAD8,373,1,448,452,454,451,1283,1285,610,1281
CQUAD8,374,1,449,453,455,452,1284,615,1286,1282
CQUAD8,375,1,452,455,456,454,1286,616,611,1285
$ Property data section
PSHELL,1
ENDDATA
