$ Generated by COMSOL 6.0.0.318
$ Aug 15 2023, 12:45
BEGIN BULK
$ Grid data section
GRID,1,,0.00000,-0.000500000,0.00000
GRID,2,,0.00000,0.000500000,0.00000
GRID,3,,0.00750000,-0.000500000,0.00000
GRID,4,,0.00750000,0.000500000,0.00000
GRID,5,,0.0150000,-0.000500000,0.00000
GRID,6,,0.0150000,0.000500000,0.00000
GRID,7,,0.0160000,-0.00150000,0.00000
GRID,8,,0.0170000,-0.00150000,0.00000
GRID,9,,0.0160000,-0.00900000,0.00000
GRID,10,,0.0170000,-0.00900000,0.00000
GRID,11,,0.0160000,-0.0165000,0.00000
GRID,12,,0.0170000,-0.0165000,0.00000
GRID,13,,0.0157071,-0.000792893,0.00000
GRID,14,,0.0164142,-8.57864E-05,0.00000
GRID,15,,0.00000,0.00000,0.00000
GRID,16,,0.00375000,-0.000500000,0.00000
GRID,17,,0.0112500,-0.000500000,0.00000
GRID,18,,0.00375000,0.000500000,0.00000
GRID,19,,0.0112500,0.000500000,0.00000
GRID,20,,0.0160000,-0.00525000,0.00000
GRID,21,,0.0160000,-0.0127500,0.00000
GRID,22,,0.0165000,-0.0165000,0.00000
GRID,23,,0.0170000,-0.00525000,0.00000
GRID,24,,0.0170000,-0.0127500,0.00000
GRID,25,,0.0165000,-0.00150000,0.00000
GRID,26,,0.0150000,0.00000,0.00000
GRID,27,,0.00750000,0.00000,0.00000
GRID,28,,0.0165000,-0.00900000,0.00000
$ Element data section
CQUAD8,1,1,1,3,4,2,16,27,18,15
CQUAD8,2,1,3,5,6,4,17,26,19,27
CQUAD8,3,1,7,8,6,5,25,14,26,13
CQUAD8,4,1,9,10,8,7,28,23,25,20
CQUAD8,5,1,11,12,10,9,22,24,28,21
$ Property data section
PSHELL,1
ENDDATA
